1 2506.410314 6282092.661898
2 2705.751809 7321092.852649
3 2403.320281 5775948.371344
4 2119.817681 4493627.001072
5 2242.115090 5027080.078289
6 3206.618661 10282403.239592
7 2848.285500 8112730.292246
8 3148.675776 9914159.144450
9 3092.221682 9561834.933152
10 2509.552167 6297852.078194
11 2519.955779 6350177.129508
12 3251.586582 10572815.297468
13 2947.545366 8688023.684172
14 3071.134266 9431865.680852
15 3054.797946 9331790.490814
16 3328.702962 11080263.410460
17 2967.928335 8808598.598921
18 4634.147533 21475323.359533
19 4167.197335 17365533.629900
20 3770.826862 14219135.221447
21 5071.079668 25715848.997527
22 5385.447452 29003044.262884
23 5037.074759 25372122.131104
24 6680.865568 44633964.732038
25 8222.118690 67603235.752308
26 9591.522555 91997304.932055
27 12494.014954 156100409.673253
28 17402.096074 302832947.760339
29 34803.642675 1211293543.441612
30 1178872.718020 1389740885291.371826
31 -34689.538712 1203364096.020043
32 -16348.613952 267277178.140774
33 -11724.601031 137466269.341307
34 -8637.483372 74606119.002983
35 -5896.663161 34770636.435697
36 -5197.477272 27013769.990119
37 -4206.151330 17691709.010443
38 -3955.502659 15646001.283118
39 -2759.900243 7617049.351432
40 -1844.736573 3403053.023790
41 -2010.966066 4043984.518888
42 -1576.841789 2486430.027514
43 -1510.155810 2280570.571603
44 -1439.588750 2072415.767858
45 -1696.203336 2877105.757993
46 -1103.772329 1218313.354842
47 -842.439758 709704.746160
48 517.365086 267666.632210
49 -1364.091310 1860745.102003
50 -1254.776268 1574463.482654
51 -198.846285 39539.844905
52 -1869.180888 3493837.191519
53 -1000.600699 1001201.759412
54 -850.020341 722534.580815
55 -984.194869 968639.540499
56 -1244.075483 1547723.806327
57 -1079.463701 1165241.881273
58 -474.624306 225268.232055
59 -1344.718919 1808268.971430
60 -609.847427 371913.884162
61 -629.725366 396554.036312
62 -1000.427774 1000855.730045
63 -778.438702 605966.813097
64 709.052760 502755.816401
65 41.163562 1694.438821
66 -337.414109 113848.281162
67 -183.496116 33670.824511
68 396.671423 157348.217600
69 -566.538952 320966.383979
70 -924.574478 854837.964891
71 -33.406618 1116.002099
72 -596.388259 355678.955345
73 -235.815719 55609.053096
74 -369.366133 136431.339976
75 1022.839350 1046200.335546
76 -1086.497421 1180476.645145
77 -334.278684 111742.238884
78 -1365.167270 1863681.674981
79 -353.240848 124779.097024
80 -231.071811 53394.181930
81 -208.712806 43561.035427
82 -523.333530 273877.983537
83 -339.006040 114925.095164
84 312.696106 97778.855011
85 -227.509503 51760.574144
86 233.578645 54558.983566
87 -631.562074 398870.653537
88 453.321637 205500.506828
89 -382.624484 146401.496053
90 -163.342563 26680.792968
91 200.386152 40154.610112
92 72.243971 5219.191394
93 78.108626 6100.957485
94 371.504733 138015.766693
95 -708.436731 501882.601895
96 512.818838 262983.160795
97 1103.798023 1218370.075834
98 -135.087060 18248.513780
99 -548.881272 301270.651173
100 -972.986025 946701.804281
101 -266.784170 71173.793110
102 -967.221484 935517.398653
103 -437.444274 191357.492661
104 -187.317027 35087.668573
105 119.012861 14164.061066
106 -483.839628 234100.785756
107 -177.977208 31675.886672
108 491.613408 241683.743289
109 529.794827 280682.559182
110 -23.590017 556.488918
111 1151.617713 1326223.357910
112 -527.052121 277783.938343
113 97.965637 9597.266118
114 678.647038 460561.802078
115 -676.183176 457223.687989
116 733.799869 538462.248289
117 -344.751594 118853.661629
118 -325.373513 105867.923050
119 -429.313671 184310.227855
120 372.683673 138893.120015
121 96.555300 9322.925939
122 48.166160 2319.978922
123 513.148577 263321.461742
124 521.393047 271850.709580
125 347.000000 120409.000000
126 126.499231 16002.055390
127 -63.531034 4036.192301
128 -411.167340 169058.581736
129 -5.790229 33.526757
130 202.853215 41149.427017
131 532.391608 283440.824525
132 630.193710 397144.112521
133 57.705929 3329.974280
134 806.141984 649864.899119
135 -52.063319 2710.589214
136 -119.045142 14171.745837
137 -364.372277 132767.156451
138 -371.092961 137709.985883
139 1039.614472 1080798.251295
140 252.945179 63981.263461
141 296.242601 87759.678409
142 -220.962948 48824.624439
143 -12.598642 158.725776
144 477.564985 228068.315211
145 -9.082248 82.487224
146 -335.673775 112676.883273
147 -539.505868 291066.581877
148 697.641362 486703.469723
149 646.081976 417421.919835
150 341.776268 116811.017346
151 -571.881414 327048.352246
152 850.842115 723932.304283
153 -89.702912 8046.612449
154 -88.975077 7916.564248
155 -173.834085 30218.289170
156 -517.112005 267404.825894
157 208.002765 43265.150433
158 172.819983 29866.746600
159 486.255339 236444.255175
160 -283.130375 80162.809490
161 -218.023205 47534.117739
162 67.560095 4564.366389
163 -70.615144 4986.498496
164 290.889842 84616.900122
165 76.863860 5908.052926
166 382.289483 146145.249031
167 753.626200 567952.448686
168 107.607039 11579.274879
169 392.322999 153917.335806
170 -260.932245 68085.636391
171 -390.897304 152800.702559
172 399.196683 159357.991996
173 -426.610908 181996.866483
174 584.407563 341532.199775
175 1513.026161 2289248.165239
176 1029.247377 1059350.162866
177 807.577395 652181.248789
178 267.323528 71461.868663
179 273.825694 74980.510509
180 -123.158256 15167.956008
181 -180.639010 32630.452082
182 223.052696 49752.505178
183 287.846135 82855.397667
184 936.940825 877858.108654
185 63.739219 4062.687985
186 260.529060 67875.391136
187 463.152267 214510.022577
188 -106.455613 11332.797439
189 -289.762184 83962.123425
190 -403.685468 162961.956817
191 -243.050909 59073.744537
192 443.046922 196290.575058
193 -309.819571 95988.166816
194 289.927336 84057.859970
195 706.130667 498620.519345
196 622.114414 387026.344617
197 151.656192 22999.600431
198 816.618018 666864.987079
199 183.565338 33696.233321
200 475.986025 226562.695719
201 701.642373 492302.019202
202 -144.272849 20814.654857
203 -35.977780 1294.400636
204 -209.534107 43904.541794
205 -942.017113 887396.240417
206 647.791959 419634.421573
207 630.376706 397374.791439
208 401.023979 160820.232051
209 632.911811 400577.360290
210 420.347446 176691.975132
211 -156.774879 24578.362807
212 101.709804 10344.884258
213 751.968370 565456.429466
214 497.677975 247683.367280
215 -1037.768235 1076962.910366
216 437.051869 191014.336347
217 565.256933 319515.400447
218 -473.601412 224298.297248
219 -419.334717 175841.604657
220 67.719133 4585.880960
221 412.968212 170542.744425
222 547.392480 299638.527368
223 -49.694099 2469.503476
224 -498.262511 248265.530090
225 530.015799 280916.746907
226 512.271113 262421.693008
227 914.190346 835743.989489
228 -106.371568 11314.910523
229 312.822115 97857.675404
230 973.153923 947028.557858
231 -23.669912 560.264750
232 504.399214 254418.566750
233 547.885032 300178.007834
234 864.762195 747813.653538
235 117.301317 13759.598858
236 -239.288586 57259.027443
237 297.373284 88430.869936
238 651.482983 424430.076764
239 -145.533337 21179.952281
240 -539.730404 291308.908738
241 144.358397 20839.346892
242 168.927923 28536.643222
243 -235.708768 55558.623390
244 -592.361307 350891.918374
245 297.831256 88703.457285
246 413.559860 171031.757878
247 -629.677805 396494.138476
248 -648.901580 421073.260306
249 1139.972378 1299537.022826
