0 4338
1 -2928
2 -4661
3 2196
4 4935
5 -1655
6 -5236
7 869
8 5282
9 -334
10 -5322
11 -391
12 5198
13 1012
14 -5205
15 -1736
16 4847
17 2237
18 -4638
19 -2966
20 4172
21 3431
22 -3941
23 -3970
24 3283
25 4242
26 -2819
27 -4712
28 2220
29 4856
30 -1641
31 -5184
32 941
33 5244
34 -303
35 -5352
36 -464
37 5187
38 979
39 -5213
40 -1721
41 4855
42 2245
43 -4647
44 -2942
45 4201
46 3341
47 -3877
48 -3908
49 3296
50 4278
51 -2904
52 -4738
53 2189
54 4918
55 -1643
56 -5199
57 920
58 5286
59 -289
60 -5373
61 -394
62 5231
63 1053
64 -5185
65 -1779
66 4904
67 2252
68 -4648
69 -2895
70 4195
71 3392
72 -3932
73 -3945
74 3309
75 4294
76 -2847
77 -4803
78 2125
79 4889
80 -1600
81 -5157
82 886
83 5205
84 -345
85 -5381
86 -427
87 5233
88 1083
89 -5241
90 -1819
91 4836
92 2239
93 -4685
94 -3003
95 4179
96 3362
97 -3895
98 -4008
99 3267
100 4312
101 -2879
102 -4707
103 2117
104 4844
105 -1616
106 -5226
107 901
108 5302
109 -260
110 -5316
111 -482
112 5199
113 1004
114 -5139
115 -1755
116 4867
117 2299
118 -4667
119 -2881
120 4285
121 3419
122 -3903
123 -3925
124 3304
125 4255
126 -2870
127 -4747
128 2110
129 4949
130 -1598
131 -5198
132 928
133 5217
134 -258
135 -5287
136 -493
137 5165
138 1007
139 -5131
140 -1793
141 4873
142 2325
143 -4654
144 -2975
145 4209
146 3361
147 -3848
148 -4029
149 3293
150 4280
151 -2856
152 -4689
153 2136
154 4861
155 -1573
156 -5218
157 873
158 5227
159 -289
160 -5359
161 -520
162 5209
163 1050
164 -5163
165 -1748
166 4825
167 2318
168 -4661
169 -2961
170 4223
171 3398
172 -3838
173 -3948
174 3195
175 4325
176 -2855
177 -4810
178 2137
179 4983
180 -1652
181 -5268
182 844
183 5270
184 -303
185 -5422
186 -470
187 5210
188 1036
189 -5226
190 -1780
191 4832
192 2285
193 -4652
194 -3000
195 4188
196 3455
197 -3889
198 -3992
199 3341
200 4337
201 -2745
202 -4775
203 2139
204 4970
205 -1552
206 -5252
207 868
208 5263
209 -290
210 -5334
211 -486
212 5247
213 1045
214 -5171
215 -1785
216 4870
217 2327
218 -4627
219 -2989
220 4122
221 3443
222 -3876
223 -4026
224 3231
225 4325
226 -2754
227 -4743
228 2139
229 4925
230 -1570
231 -5229
232 877
233 5278
234 -226
235 -5371
236 -541
237 5248
238 1023
239 -5186
240 -1760
241 4858
242 2330
243 -4638
244 -3004
245 4190
246 3436
247 -3817
248 -3975
249 3203
250 4354
251 -2820
252 -4733
253 2137
254 4922
255 -1519
256 -5202
257 846
258 5197
259 -296
260 -5413
261 -507
262 5240
263 1035
264 -5185
265 -1775
266 4911
267 2260
268 -4605
269 -2948
270 4197
271 3386
272 -3841
273 -3975
274 3187
275 4327
276 -2807
277 -4748
278 2088
279 4917
280 -1548
281 -5220
282 845
283 5219
284 -275
285 -5333
286 -489
287 5192
288 1075
289 -5158
290 -1762
291 4872
292 2287
293 -4669
294 -3068
295 4158
296 3437
297 -3816
298 -3985
299 3220
300 4324
301 -2785
302 -4722
303 2146
304 4952
305 -1528
306 -5231
307 804
308 5274
309 -249
310 -5368
311 -502
312 5189
313 1024
314 -5140
315 -1849
316 4833
317 2294
318 -4637
319 -3029
320 4168
321 3363
322 -3846
323 -4028
324 3227
325 4296
326 -2739
327 -4795
328 2077
329 4977
330 -1573
331 -5232
332 828
333 5215
334 -249
335 -5349
336 -505
337 5181
338 1046
339 -5137
340 -1843
341 4791
342 2430
343 -4612
344 -3063
345 4149
346 3461
347 -3754
348 -4007
349 3224
350 4335
351 -2757
352 -4770
353 2115
354 4944
355 -1565
356 -5236
357 840
358 5204
359 -181
360 -5347
361 -550
362 5219
363 1025
364 -5097
365 -1869
366 4859
367 2340
368 -4596
369 -3023
370 4113
371 3401
372 -3819
373 -4041
374 3228
375 4341
376 -2732
377 -4767
378 2075
379 5018
380 -1545
381 -5218
382 758
383 5205
384 -199
385 -5375
386 -538
387 5196
388 1079
389 -5177
390 -1836
391 4866
392 2341
393 -4618
394 -3023
395 4139
396 3491
397 -3841
398 -4049
399 3231
400 4330
401 -2759
402 -4789
403 2056
404 5000
405 -1546
406 -5197
407 832
408 5267
409 -192
410 -5377
411 -516
412 5199
413 1104
414 -5155
415 -1835
416 4822
417 2345
418 -4665
419 -3079
420 4082
421 3484
422 -3868
423 -4035
424 3164
425 4352
426 -2716
427 -4816
428 2100
429 4961
430 -1472
431 -5241
432 742
433 5198
434 -107
435 -5338
436 -534
437 5164
438 1123
439 -5184
440 -1771
441 4853
442 2305
443 -4666
444 -2946
445 4113
446 3512
447 -3802
448 -3990
449 3228
450 4324
451 -2779
452 -4777
453 2055
454 4947
455 -1584
456 -5228
457 779
458 5248
459 -167
460 -5357
461 -601
462 5202
463 1152
464 -5195
465 -1872
466 4838
467 2345
468 -4627
469 -3078
470 4151
471 3467
472 -3776
473 -4071
474 3209
475 4384
476 -2735
477 -4848
478 2048
479 4954
480 -1511
481 -5226
482 821
483 5272
484 -235
485 -5335
486 -579
487 5209
488 1122
489 -5153
490 -1874
491 4775
492 2359
493 -4620
494 -3056
495 4155
496 3492
497 -3832
498 -4063
499 3173
500 4362
501 -2649
502 -4782
503 2065
504 4967
505 -1539
506 -5235
507 785
508 5235
509 -155
510 -5372
511 -565
512 5222
513 1096
514 -5097
515 -1887
516 4839
517 2373
518 -4652
519 -3063
520 4082
521 3502
522 -3808
523 -4059
524 3182
525 4380
526 -2684
527 -4796
528 2027
529 5013
530 -1517
531 -5195
532 771
533 5219
534 -201
535 -5391
536 -575
537 5228
538 1107
539 -5128
540 -1889
541 4815
542 2389
543 -4642
544 -3068
545 4111
546 3491
547 -3826
548 -4068
549 3180
550 4370
551 -2769
552 -4819
553 2064
554 4943
555 -1500
556 -5218
557 758
558 5248
559 -184
560 -5337
561 -582
562 5244
563 1182
564 -5175
565 -1859
566 4855
567 2408
568 -4609
569 -3086
570 4100
571 3536
572 -3766
573 -4103
574 3146
575 4323
576 -2685
577 -4787
578 2016
579 4947
580 -1533
581 -5223
582 726
583 5201
584 -96
585 -5317
586 -648
587 5215
588 1177
589 -5136
590 -1936
591 4879
592 2385
593 -4568
594 -3054
595 4068
596 3512
597 -3811
598 -4129
599 3165
600 4369
601 -2711
602 -4754
603 2002
604 5010
605 -1488
606 -5213
607 726
608 5248
609 -91
610 -5367
611 -561
612 5233
613 1152
614 -5136
615 -1918
616 4782
617 2348
618 -4530
619 -3052
620 4071
621 3514
622 -3744
623 -4088
624 3184
625 4394
626 -2747
627 -4762
628 2035
629 4971
630 -1516
631 -5232
632 726
633 5214
634 -99
635 -5290
636 -607
637 5212
638 1126
639 -5174
640 -1919
641 4842
642 2384
643 -4598
644 -3029
645 4107
646 3564
647 -3826
648 -4006
649 3157
650 4371
651 -2719
652 -4811
653 1939
654 4983
655 -1502
656 -5182
657 707
658 5239
659 -147
660 -5353
661 -603
662 5183
663 1203
664 -5134
665 -1870
666 4815
667 2382
668 -4545
669 -3127
670 4119
671 3528
672 -3754
673 -4020
674 3117
675 4392
676 -2663
677 -4763
678 2015
679 5008
680 -1466
681 -5196
682 688
683 5267
684 -120
685 -5328
686 -660
687 5168
688 1205
689 -5156
690 -1965
691 4799
692 2466
693 -4593
694 -3094
695 4086
696 3523
697 -3788
698 -4067
699 3186
700 4352
701 -2638
702 -4820
703 1973
704 5001
705 -1451
706 -5236
707 711
708 5286
709 -113
710 -5328
711 -552
712 5213
713 1145
714 -5129
715 -2045
716 4803
717 2397
718 -4576
719 -3112
720 4125
721 3532
722 -3780
723 -4131
724 3102
725 4371
726 -2743
727 -4852
728 1955
729 4983
730 -1476
731 -5228
732 756
733 5242
734 -133
735 -5312
736 -693
737 5163
738 1148
739 -5088
740 -2018
741 4917
742 2432
743 -4602
744 -3065
745 4073
746 3558
747 -3720
748 -4036
749 3135
750 4405
751 -2644
752 -4853
753 1995
754 5001
755 -1408
756 -5180
757 658
758 5303
759 -86
760 -5359
761 -648
762 5198
763 1195
764 -5142
765 -1952
766 4772
767 2486
768 -4587
769 -3104
770 4060
771 3498
772 -3749
773 -4144
774 3093
775 4440
776 -2675
777 -4866
778 1980
779 4980
780 -1388
781 -5212
782 646
783 5244
784 -32
785 -5293
786 -660
787 5208
788 1208
789 -5104
790 -1951
791 4772
792 2400
793 -4560
794 -3122
795 4050
796 3571
797 -3779
798 -4176
799 3103
800 4386
801 -2701
802 -4856
803 2000
804 4994
805 -1419
806 -5266
807 724
808 5155
809 -103
810 -5367
811 -624
812 5238
813 1221
814 -5181
815 -1903
816 4806
817 2434
818 -4605
819 -3125
820 4166
821 3568
822 -3763
823 -4135
824 3034
825 4358
826 -2692
827 -4877
828 1937
829 5048
830 -1391
831 -5248
832 708
833 5212
834 -88
835 -5286
836 -705
837 5206
838 1229
839 -5159
840 -1922
841 4741
842 2400
843 -4542
844 -3147
845 4120
846 3597
847 -3716
848 -4103
849 3079
850 4488
851 -2647
852 -4810
853 1894
854 5021
855 -1380
856 -5232
857 720
858 5234
859 -81
860 -5334
861 -684
862 5220
863 1183
864 -5134
865 -1979
866 4854
867 2520
868 -4541
869 -3088
870 4077
871 3605
872 -3721
873 -4145
874 3074
875 4391
876 -2683
877 -4805
878 1974
879 4926
880 -1364
881 -5222
882 672
883 5230
884 -107
885 -5354
886 -675
887 5144
888 1160
889 -5093
890 -1975
891 4812
892 2496
893 -4544
894 -3175
895 4095
896 3544
897 -3708
898 -4095
899 3069
900 4436
901 -2651
902 -4824
903 1971
904 4989
905 -1418
906 -5234
907 658
908 5199
909 -43
910 -5396
911 -696
912 5204
913 1237
914 -5118
915 -2015
916 4785
917 2496
918 -4618
919 -3186
920 4010
921 3546
922 -3717
923 -4135
924 3049
925 4459
926 -2597
927 -4813
928 1941
929 4976
930 -1392
931 -5259
932 631
933 5238
934 -99
935 -5337
936 -719
937 5188
938 1303
939 -5113
940 -2046
941 4732
942 2429
943 -4587
944 -3162
945 4070
946 3580
947 -3715
948 -4082
949 3070
950 4455
951 -2599
952 -4859
953 1935
954 5020
955 -1400
956 -5290
957 668
958 5236
959 -76
960 -5393
961 -727
962 5181
963 1295
964 -5043
965 -1992
966 4728
967 2461
968 -4564
969 -3115
970 3993
971 3660
972 -3735
973 -4152
974 3044
975 4376
976 -2620
977 -4836
978 1978
979 4970
980 -1439
981 -5261
982 580
983 5293
984 -61
985 -5335
986 -715
987 5154
988 1251
989 -5086
990 -2005
991 4744
992 2498
993 -4557
994 -3163
995 4025
996 3579
997 -3684
998 -4114
999 3097
1000 4409
1001 -2677
1002 -4909
1003 1913
1004 4961
1005 -1373
1006 -5284
1007 671
1008 5266
1009 -9
1010 -5355
1011 -709
1012 5150
1013 1326
1014 -5110
1015 -1993
1016 4718
1017 2503
1018 -4500
1019 -3182
1020 3995
1021 3593
1022 -3696
1023 -4184
1024 3044
1025 4438
1026 -2623
1027 -4894
1028 1943
1029 5031
1030 -1376
1031 -5268
1032 650
1033 5234
1034 -42
1035 -5357
1036 -726
1037 5180
1038 1275
1039 -5112
1040 -1931
1041 4714
1042 2541
1043 -4550
1044 -3182
1045 4043
1046 3662
1047 -3681
1048 -4140
1049 3032
1050 4420
1051 -2601
1052 -4858
1053 1883
1054 5022
1055 -1428
1056 -5263
1057 610
1058 5282
1059 16
1060 -5373
1061 -694
1062 5208
1063 1313
1064 -5056
1065 -2006
1066 4692
1067 2532
1068 -4556
1069 -3137
1070 4042
1071 3634
1072 -3623
1073 -4193
1074 3017
1075 4461
1076 -2626
1077 -4832
1078 1930
1079 5023
1080 -1369
1081 -5257
1082 619
1083 5226
1084 3
1085 -5359
1086 -724
1087 5107
1088 1309
1089 -5092
1090 -2016
1091 4717
1092 2573
1093 -4500
1094 -3208
1095 4129
1096 3628
1097 -3663
1098 -4130
1099 3051
1100 4424
1101 -2513
1102 -4868
1103 1870
1104 5008
1105 -1362
1106 -5302
1107 589
1108 5268
1109 29
1110 -5373
1111 -727
1112 5148
1113 1329
1114 -5125
1115 -2025
1116 4696
1117 2522
1118 -4514
1119 -3238
1120 4034
1121 3669
1122 -3751
1123 -4161
1124 3043
1125 4476
1126 -2563
1127 -4922
1128 1908
1129 5007
1130 -1320
1131 -5280
1132 616
1133 5295
1134 -46
1135 -5355
1136 -753
1137 5206
1138 1341
1139 -5080
1140 -2004
1141 4715
1142 2494
1143 -4486
1144 -3147
1145 3972
1146 3632
1147 -3676
1148 -4217
1149 3042
1150 4506
1151 -2521
1152 -4846
1153 1872
1154 5008
1155 -1277
1156 -5319
1157 537
1158 5303
1159 -6
1160 -5294
1161 -719
1162 5131
1163 1291
1164 -5045
1165 -2032
1166 4682
1167 2497
1168 -4509
1169 -3181
1170 4044
1171 3634
1172 -3688
1173 -4082
1174 3014
1175 4438
1176 -2603
1177 -4888
1178 1910
1179 5052
1180 -1222
1181 -5201
1182 621
1183 5261
1184 16
1185 -5316
1186 -732
1187 5179
1188 1289
1189 -5065
1190 -2070
1191 4680
1192 2600
1193 -4512
1194 -3223
1195 4026
1196 3670
1197 -3667
1198 -4179
1199 3028
1200 4481
1201 -2565
1202 -4886
1203 1858
1204 5026
1205 -1340
1206 -5248
1207 609
1208 5244
1209 24
1210 -5327
1211 -740
1212 5136
1213 1314
1214 -5115
1215 -2068
1216 4716
1217 2542
1218 -4507
1219 -3288
1220 3959
1221 3629
1222 -3576
1223 -4163
1224 3002
1225 4480
1226 -2597
1227 -4898
1228 1893
1229 5057
1230 -1223
1231 -5275
1232 570
1233 5236
1234 -44
1235 -5373
1236 -777
1237 5175
1238 1320
1239 -5083
1240 -2042
1241 4739
1242 2548
1243 -4497
1244 -3256
1245 4058
1246 3575
1247 -3636
1248 -4209
1249 3027
1250 4415
1251 -2538
1252 -4853
1253 1796
1254 5030
1255 -1258
1256 -5242
1257 577
1258 5261
1259 44
1260 -5332
1261 -823
1262 5178
1263 1322
1264 -5060
1265 -2046
1266 4730
1267 2515
1268 -4455
1269 -3182
1270 3997
1271 3661
1272 -3641
1273 -4202
1274 2950
1275 4483
1276 -2595
1277 -4908
1278 1871
1279 5074
1280 -1247
1281 -5316
1282 586
1283 5216
1284 54
1285 -5336
1286 -796
1287 5168
1288 1370
1289 -5114
1290 -2091
1291 4726
1292 2549
1293 -4460
1294 -3258
1295 4013
1296 3708
1297 -3646
1298 -4185
1299 2992
1300 4492
1301 -2542
1302 -4907
1303 1819
1304 5113
1305 -1286
1306 -5283
1307 515
1308 5296
1309 50
1310 -5317
1311 -846
1312 5114
1313 1341
1314 -5073
1315 -2107
1316 4787
1317 2621
1318 -4492
1319 -3223
1320 4036
1321 3702
1322 -3642
1323 -4207
1324 3020
1325 4444
1326 -2549
1327 -4880
1328 1808
1329 5089
1330 -1271
1331 -5253
1332 563
1333 5284
1334 59
1335 -5366
1336 -824
1337 5156
1338 1391
1339 -5141
1340 -2005
1341 4731
1342 2540
1343 -4534
1344 -3267
1345 3901
1346 3648
1347 -3604
1348 -4173
1349 2959
1350 4449
1351 -2500
1352 -4877
1353 1806
1354 5005
1355 -1248
1356 -5232
1357 530
1358 5259
1359 -18
1360 -5321
1361 -817
1362 5201
1363 1387
1364 -5115
1365 -2104
1366 4667
1367 2551
1368 -4505
1369 -3298
1370 3973
1371 3673
1372 -3581
1373 -4252
1374 2999
1375 4552
1376 -2500
1377 -4876
1378 1821
1379 5014
1380 -1259
1381 -5363
1382 454
1383 5300
1384 135
1385 -5363
1386 -791
1387 5134
1388 1425
1389 -5082
1390 -2101
1391 4740
1392 2593
1393 -4459
1394 -3286
1395 3944
1396 3671
1397 -3641
1398 -4184
1399 2990
1400 4523
1401 -2518
1402 -4897
1403 1785
1404 5084
1405 -1179
1406 -5272
1407 487
1408 5282
1409 45
1410 -5367
1411 -799
1412 5141
1413 1420
1414 -5016
1415 -2116
1416 4702
1417 2599
1418 -4453
1419 -3302
1420 4032
1421 3673
1422 -3543
1423 -4195
1424 2980
1425 4504
1426 -2490
1427 -4936
1428 1822
1429 5090
1430 -1248
1431 -5303
1432 501
1433 5296
1434 60
1435 -5370
1436 -854
1437 5124
1438 1411
1439 -5045
1440 -2111
1441 4690
1442 2640
1443 -4447
1444 -3274
1445 3940
1446 3690
1447 -3590
1448 -4215
1449 2982
1450 4511
1451 -2462
1452 -4906
1453 1850
1454 5054
1455 -1214
1456 -5263
1457 467
1458 5242
1459 132
1460 -5322
1461 -834
1462 5127
1463 1420
1464 -4985
1465 -2187
1466 4741
1467 2608
1468 -4467
1469 -3315
1470 3952
1471 3619
1472 -3626
1473 -4213
1474 2905
1475 4542
1476 -2464
1477 -4895
1478 1718
1479 5053
1480 -1260
1481 -5273
1482 477
1483 5281
1484 147
1485 -5337
1486 -822
1487 5170
1488 1360
1489 -5117
1490 -2071
1491 4735
1492 2624
1493 -4479
1494 -3256
1495 3962
1496 3695
1497 -3548
1498 -4238
1499 3033
1500 4514
1501 -2505
1502 -4858
1503 1814
1504 5053
1505 -1293
1506 -5331
1507 505
1508 5244
1509 31
1510 -5374
1511 -860
1512 5187
1513 1381
1514 -5049
1515 -2156
1516 4656
1517 2644
1518 -4503
1519 -3338
1520 3941
1521 3733
1522 -3627
1523 -4224
1524 2905
1525 4509
1526 -2499
1527 -4912
1528 1728
1529 5077
1530 -1184
1531 -5313
1532 458
1533 5295
1534 86
1535 -5280
1536 -834
1537 5172
1538 1454
1539 -5048
1540 -2171
1541 4668
1542 2624
1543 -4393
1544 -3335
1545 3889
1546 3714
1547 -3581
1548 -4191
1549 2968
1550 4525
1551 -2496
1552 -4889
1553 1762
1554 5091
1555 -1236
1556 -5268
1557 502
1558 5220
1559 101
1560 -5305
1561 -828
1562 5167
1563 1453
1564 -5009
1565 -2130
1566 4717
1567 2549
1568 -4462
1569 -3330
1570 3948
1571 3672
1572 -3564
1573 -4223
1574 2968
1575 4514
1576 -2498
1577 -4896
1578 1719
1579 5111
1580 -1242
1581 -5276
1582 447
1583 5237
1584 93
1585 -5369
1586 -865
1587 5169
1588 1415
1589 -5033
1590 -2123
1591 4721
1592 2668
1593 -4424
1594 -3255
1595 3962
1596 3688
1597 -3592
1598 -4199
1599 2969
1600 4538
1601 -2438
1602 -4887
1603 1730
1604 5051
1605 -1231
1606 -5280
1607 460
1608 5319
1609 70
1610 -5427
1611 -854
1612 5121
1613 1427
1614 -5020
1615 -2179
1616 4696
1617 2632
1618 -4406
1619 -3278
1620 3982
1621 3733
1622 -3561
1623 -4269
1624 2884
1625 4567
1626 -2432
1627 -4929
1628 1772
1629 5064
1630 -1161
1631 -5282
1632 434
1633 5232
1634 138
1635 -5275
1636 -845
1637 5125
1638 1401
1639 -5064
1640 -2145
1641 4663
1642 2636
1643 -4472
1644 -3288
1645 3918
1646 3735
1647 -3570
1648 -4301
1649 2981
1650 4612
1651 -2497
1652 -4965
1653 1794
1654 5068
1655 -1156
1656 -5340
1657 433
1658 5333
1659 158
1660 -5335
1661 -822
1662 5169
1663 1422
1664 -5022
1665 -2133
1666 4672
1667 2648
1668 -4466
1669 -3363
1670 3868
1671 3686
1672 -3531
1673 -4268
1674 2895
1675 4556
1676 -2417
1677 -4920
1678 1742
1679 5077
1680 -1207
1681 -5302
1682 425
1683 5197
1684 143
1685 -5316
1686 -881
1687 5125
1688 1483
1689 -5046
1690 -2140
1691 4644
1692 2626
1693 -4461
1694 -3342
1695 3947
1696 3779
1697 -3556
1698 -4292
1699 2950
1700 4526
1701 -2455
1702 -4928
1703 1704
1704 5024
1705 -1222
1706 -5307
1707 455
1708 5219
1709 168
1710 -5352
1711 -891
1712 5102
1713 1415
1714 -5025
1715 -2158
1716 4619
1717 2691
1718 -4413
1719 -3382
1720 3890
1721 3681
1722 -3588
1723 -4226
1724 2868
1725 4589
1726 -2366
1727 -4890
1728 1720
1729 5029
1730 -1211
1731 -5261
1732 382
1733 5252
1734 111
1735 -5288
1736 -887
1737 5129
1738 1477
1739 -5003
1740 -2141
1741 4573
1742 2671
1743 -4404
1744 -3302
1745 3944
1746 3700
1747 -3588
1748 -4263
1749 2900
1750 4580
1751 -2502
1752 -4938
1753 1743
1754 5032
1755 -1240
1756 -5369
1757 353
1758 5308
1759 152
1760 -5358
1761 -941
1762 5161
1763 1464
1764 -4995
1765 -2141
1766 4659
1767 2628
1768 -4415
1769 -3334
1770 3893
1771 3734
1772 -3595
1773 -4267
1774 2937
1775 4531
1776 -2407
1777 -4927
1778 1732
1779 5086
1780 -1118
1781 -5259
1782 428
1783 5326
1784 102
1785 -5299
1786 -953
1787 5111
1788 1482
1789 -5044
1790 -2184
1791 4718
1792 2681
1793 -4375
1794 -3351
1795 3922
1796 3711
1797 -3514
1798 -4256
1799 2931
1800 4560
1801 -2396
1802 -4909
1803 1722
1804 5057
1805 -1181
1806 -5334
1807 389
1808 5283
1809 123
1810 -5310
1811 -893
1812 5077
1813 1430
1814 -5015
1815 -2205
1816 4724
1817 2657
1818 -4395
1819 -3363
1820 3920
1821 3766
1822 -3532
1823 -4324
1824 2862
1825 4571
1826 -2408
1827 -4935
1828 1738
1829 5033
1830 -1145
1831 -5291
1832 393
1833 5288
1834 164
1835 -5316
1836 -957
1837 5176
1838 1459
1839 -5024
1840 -2233
1841 4641
1842 2665
1843 -4389
1844 -3368
1845 3870
1846 3771
1847 -3520
1848 -4271
1849 2896
1850 4554
1851 -2353
1852 -4964
1853 1704
1854 5045
1855 -1143
1856 -5254
1857 366
1858 5246
1859 159
1860 -5312
1861 -884
1862 5166
1863 1478
1864 -5098
1865 -2204
1866 4643
1867 2651
1868 -4412
1869 -3322
1870 3907
1871 3744
1872 -3498
1873 -4293
1874 2893
1875 4561
1876 -2388
1877 -4906
1878 1741
1879 5067
1880 -1125
1881 -5276
1882 410
1883 5277
1884 142
1885 -5281
1886 -965
1887 5102
1888 1474
1889 -5021
1890 -2154
1891 4659
1892 2680
1893 -4447
1894 -3411
1895 3904
1896 3762
1897 -3553
1898 -4265
1899 2914
1900 4570
1901 -2391
1902 -4924
1903 1742
1904 4988
1905 -1140
1906 -5294
1907 369
1908 5271
1909 238
1910 -5340
1911 -947
1912 5112
1913 1521
1914 -5059
1915 -2201
1916 4550
1917 2785
1918 -4354
1919 -3401
1920 3927
1921 3727
1922 -3468
1923 -4280
1924 2832
1925 4634
1926 -2391
1927 -4941
1928 1699
1929 5082
1930 -1065
1931 -5292
1932 421
1933 5244
1934 195
1935 -5363
1936 -921
1937 5125
1938 1538
1939 -5010
1940 -2169
1941 4634
1942 2709
1943 -4385
1944 -3336
1945 3867
1946 3748
1947 -3509
1948 -4316
1949 2879
1950 4562
1951 -2328
1952 -5015
1953 1701
1954 5051
1955 -1169
1956 -5319
1957 371
1958 5236
1959 178
1960 -5340
1961 -976
1962 5095
1963 1535
1964 -4906
1965 -2250
1966 4608
1967 2765
1968 -4344
1969 -3373
1970 3855
1971 3741
1972 -3520
1973 -4305
1974 2817
1975 4650
1976 -2330
1977 -4960
1978 1605
1979 5086
1980 -1154
1981 -5346
1982 351
1983 5274
1984 196
1985 -5374
1986 -959
1987 5083
1988 1565
1989 -5016
1990 -2305
1991 4591
1992 2745
1993 -4413
1994 -3364
1995 3826
1996 3719
1997 -3455
1998 -4280
1999 2866
2000 4600
2001 -2318
2002 -4980
2003 1660
2004 5081
2005 -1130
2006 -5322
2007 335
2008 5260
2009 168
2010 -5301
2011 -999
2012 5085
2013 1567
2014 -5015
2015 -2242
2016 4631
2017 2696
2018 -4441
2019 -3436
2020 3842
2021 3842
2022 -3568
2023 -4300
2024 2813
2025 4598
2026 -2343
2027 -4948
2028 1666
2029 5099
2030 -1055
2031 -5285
2032 391
2033 5252
2034 224
2035 -5358
2036 -1030
2037 5188
2038 1524
2039 -5011
2040 -2244
2041 4623
2042 2775
2043 -4369
2044 -3376
2045 3846
2046 3828
2047 -3488
2048 -4258
2049 2844
2050 4592
2051 -2371
2052 -5000
2053 1601
2054 5105
2055 -1080
2056 -5309
2057 401
2058 5213
2059 220
2060 -5362
2061 -1016
2062 5103
2063 1568
2064 -5026
2065 -2296
2066 4589
2067 2767
2068 -4400
2069 -3437
2070 3825
2071 3844
2072 -3501
2073 -4304
2074 2772
2075 4582
2076 -2327
2077 -4910
2078 1576
2079 5084
2080 -995
2081 -5305
2082 275
2083 5238
2084 268
2085 -5322
2086 -1013
2087 5094
2088 1553
2089 -4986
2090 -2269
2091 4626
2092 2717
2093 -4354
2094 -3343
2095 3805
2096 3785
2097 -3486
2098 -4296
2099 2822
2100 4563
2101 -2384
2102 -4945
2103 1613
2104 5046
2105 -1099
2106 -5314
2107 382
2108 5254
2109 201
2110 -5285
2111 -960
2112 5082
2113 1501
2114 -5034
2115 -2275
2116 4601
2117 2786
2118 -4383
2119 -3437
2120 3834
2121 3783
2122 -3493
2123 -4287
2124 2814
2125 4601
2126 -2348
2127 -4947
2128 1649
2129 5102
2130 -1060
2131 -5251
2132 335
2133 5264
2134 263
2135 -5322
2136 -985
2137 5094
2138 1540
2139 -5025
2140 -2316
2141 4525
2142 2760
2143 -4416
2144 -3393
2145 3900
2146 3811
2147 -3479
2148 -4285
2149 2855
2150 4570
2151 -2345
2152 -4988
2153 1675
2154 5100
2155 -1029
2156 -5333
2157 389
2158 5257
2159 316
2160 -5336
2161 -1023
2162 5080
2163 1585
2164 -5015
2165 -2317
2166 4585
2167 2802
2168 -4376
2169 -3462
2170 3821
2171 3800
2172 -3485
2173 -4348
2174 2783
2175 4624
2176 -2347
2177 -4965
2178 1668
2179 5084
2180 -1027
2181 -5386
2182 352
2183 5242
2184 292
2185 -5284
2186 -1072
2187 5093
2188 1606
2189 -4972
2190 -2249
2191 4574
2192 2769
2193 -4353
2194 -3435
2195 3818
2196 3770
2197 -3478
2198 -4345
2199 2843
2200 4573
2201 -2357
2202 -5000
2203 1606
2204 5043
2205 -1033
2206 -5279
2207 367
2208 5254
2209 285
2210 -5309
2211 -1085
2212 5120
2213 1560
2214 -5055
2215 -2305
2216 4554
2217 2811
2218 -4354
2219 -3392
2220 3770
2221 3804
2222 -3424
2223 -4283
2224 2769
2225 4631
2226 -2298
2227 -4968
2228 1634
2229 5037
2230 -1073
2231 -5324
2232 323
2233 5298
2234 285
2235 -5331
2236 -1024
2237 5112
2238 1592
2239 -4997
2240 -2289
2241 4620
2242 2785
2243 -4364
2244 -3400
2245 3841
2246 3812
2247 -3407
2248 -4322
2249 2767
2250 4590
2251 -2298
2252 -4963
2253 1621
2254 5134
2255 -1026
2256 -5360
2257 261
2258 5277
2259 329
2260 -5242
2261 -1014
2262 5162
2263 1587
2264 -5000
2265 -2317
2266 4607
2267 2790
2268 -4261
2269 -3530
2270 3846
2271 3841
2272 -3436
2273 -4364
2274 2806
2275 4631
2276 -2267
2277 -4950
2278 1586
2279 5126
2280 -1023
2281 -5336
2282 305
2283 5239
2284 333
2285 -5281
2286 -989
2287 5149
2288 1587
2289 -4948
2290 -2299
2291 4601
2292 2835
2293 -4318
2294 -3408
2295 3772
2296 3853
2297 -3411
2298 -4318
2299 2816
2300 4651
2301 -2240
2302 -4986
2303 1529
2304 5132
2305 -965
2306 -5330
2307 263
2308 5267
2309 356
2310 -5295
2311 -1097
2312 5095
2313 1597
2314 -4944
2315 -2358
2316 4579
2317 2833
2318 -4291
2319 -3472
2320 3803
2321 3883
2322 -3394
2323 -4366
2324 2782
2325 4641
2326 -2203
2327 -4996
2328 1632
2329 5090
2330 -965
2331 -5365
2332 288
2333 5256
2334 353
2335 -5410
2336 -1075
2337 5099
2338 1619
2339 -4912
2340 -2341
2341 4632
2342 2757
2343 -4322
2344 -3424
2345 3813
2346 3914
2347 -3423
2348 -4324
2349 2794
2350 4630
2351 -2235
2352 -4957
2353 1576
2354 5091
2355 -996
2356 -5285
2357 241
2358 5275
2359 380
2360 -5313
2361 -1079
2362 5096
2363 1635
2364 -4954
2365 -2391
2366 4555
2367 2883
2368 -4276
2369 -3494
2370 3807
2371 3867
2372 -3410
2373 -4329
2374 2781
2375 4607
2376 -2263
2377 -4981
2378 1543
2379 5173
2380 -964
2381 -5357
2382 244
2383 5300
2384 277
2385 -5284
2386 -1093
2387 5098
2388 1669
2389 -4981
2390 -2328
2391 4552
2392 2828
2393 -4320
2394 -3495
2395 3796
2396 3844
2397 -3355
2398 -4354
2399 2750
2400 4603
2401 -2248
2402 -5047
2403 1620
2404 5101
2405 -999
2406 -5320
2407 285
2408 5263
2409 373
2410 -5369
2411 -1135
2412 5110
2413 1637
2414 -5035
2415 -2341
2416 4575
2417 2837
2418 -4311
2419 -3438
2420 3763
2421 3811
2422 -3420
2423 -4345
2424 2741
2425 4687
2426 -2268
2427 -4986
2428 1494
2429 5101
2430 -968
2431 -5274
2432 293
2433 5301
2434 387
2435 -5307
2436 -1076
2437 5114
2438 1641
2439 -4890
2440 -2347
2441 4572
2442 2761
2443 -4354
2444 -3496
2445 3766
2446 3869
2447 -3399
2448 -4420
2449 2752
2450 4634
2451 -2228
2452 -5011
2453 1534
2454 5088
2455 -971
2456 -5235
2457 229
2458 5251
2459 347
2460 -5302
2461 -1099
2462 5084
2463 1653
2464 -5002
2465 -2380
2466 4557
2467 2812
2468 -4332
2469 -3516
2470 3815
2471 3818
2472 -3390
2473 -4402
2474 2779
2475 4636
2476 -2191
2477 -4986
2478 1510
2479 5121
2480 -980
2481 -5355
2482 231
2483 5253
2484 421
2485 -5352
2486 -1094
2487 5082
2488 1635
2489 -4928
2490 -2318
2491 4571
2492 2837
2493 -4233
2494 -3441
2495 3734
2496 3888
2497 -3406
2498 -4431
2499 2753
2500 4644
2501 -2292
2502 -5051
2503 1560
2504 5076
2505 -946
2506 -5413
2507 167
2508 5259
2509 365
2510 -5337
2511 -1100
2512 5094
2513 1647
2514 -4968
2515 -2399
2516 4525
2517 2862
2518 -4285
2519 -3474
2520 3775
2521 3876
2522 -3368
2523 -4405
2524 2767
2525 4685
2526 -2217
2527 -5033
2528 1607
2529 5064
2530 -925
2531 -5307
2532 227
2533 5309
2534 361
2535 -5287
2536 -1138
2537 5109
2538 1646
2539 -4917
2540 -2371
2541 4520
2542 2824
2543 -4285
2544 -3470
2545 3710
2546 3866
2547 -3391
2548 -4412
2549 2728
2550 4612
2551 -2197
2552 -4985
2553 1508
2554 5120
2555 -976
2556 -5310
2557 188
2558 5288
2559 424
2560 -5339
2561 -1172
2562 5085
2563 1666
2564 -4926
2565 -2396
2566 4511
2567 2825
2568 -4342
2569 -3520
2570 3762
2571 3822
2572 -3407
2573 -4411
2574 2746
2575 4678
2576 -2123
2577 -5002
2578 1438
2579 5175
2580 -910
2581 -5324
2582 183
2583 5231
2584 416
2585 -5325
2586 -1133
2587 5086
2588 1641
2589 -4978
2590 -2407
2591 4550
2592 2899
2593 -4295
2594 -3516
2595 3725
2596 3905
2597 -3399
2598 -4402
2599 2670
2600 4622
2601 -2167
2602 -5023
2603 1511
2604 5187
2605 -991
2606 -5360
2607 175
2608 5273
2609 393
2610 -5254
2611 -1147
2612 5055
2613 1721
2614 -4925
2615 -2378
2616 4525
2617 2867
2618 -4282
2619 -3497
2620 3735
2621 3973
2622 -3357
2623 -4370
2624 2686
2625 4638
2626 -2191
2627 -5032
2628 1452
2629 5096
2630 -902
2631 -5352
2632 167
2633 5325
2634 356
2635 -5261
2636 -1168
2637 5113
2638 1741
2639 -4971
2640 -2456
2641 4557
2642 2855
2643 -4275
2644 -3509
2645 3769
2646 3902
2647 -3413
2648 -4370
2649 2647
2650 4651
2651 -2149
2652 -5063
2653 1529
2654 5094
2655 -913
2656 -5370
2657 128
2658 5246
2659 429
2660 -5288
2661 -1089
2662 5094
2663 1728
2664 -4984
2665 -2378
2666 4534
2667 2896
2668 -4283
2669 -3573
2670 3774
2671 3895
2672 -3323
2673 -4385
2674 2726
2675 4696
2676 -2228
2677 -5044
2678 1468
2679 5125
2680 -949
2681 -5364
2682 209
2683 5285
2684 409
2685 -5312
2686 -1158
2687 5017
2688 1745
2689 -4947
2690 -2476
2691 4552
2692 2900
2693 -4265
2694 -3549
2695 3764
2696 3921
2697 -3403
2698 -4361
2699 2715
2700 4682
2701 -2205
2702 -5009
2703 1489
2704 5071
2705 -907
2706 -5329
2707 193
2708 5252
2709 434
2710 -5320
2711 -1201
2712 5115
2713 1649
2714 -4963
2715 -2418
2716 4559
2717 2915
2718 -4278
2719 -3498
2720 3713
2721 3910
2722 -3376
2723 -4417
2724 2680
2725 4637
2726 -2239
2727 -5030
2728 1451
2729 5171
2730 -939
2731 -5318
2732 131
2733 5295
2734 443
2735 -5287
2736 -1179
2737 5134
2738 1745
2739 -4920
2740 -2420
2741 4524
2742 2947
2743 -4256
2744 -3545
2745 3724
2746 3929
2747 -3274
2748 -4444
2749 2647
2750 4684
2751 -2182
2752 -4998
2753 1438
2754 5190
2755 -862
2756 -5303
2757 152
2758 5238
2759 380
2760 -5317
2761 -1172
2762 5029
2763 1724
2764 -4928
2765 -2381
2766 4526
2767 2952
2768 -4290
2769 -3528
2770 3708
2771 3924
2772 -3366
2773 -4456
2774 2697
2775 4639
2776 -2221
2777 -5024
2778 1526
2779 5176
2780 -846
2781 -5318
2782 162
2783 5254
2784 470
2785 -5270
2786 -1197
2787 5042
2788 1725
2789 -4960
2790 -2484
2791 4556
2792 2884
2793 -4293
2794 -3593
2795 3739
2796 3932
2797 -3414
2798 -4418
2799 2619
2800 4672
2801 -2117
2802 -5089
2803 1458
2804 5096
2805 -866
2806 -5321
2807 145
2808 5296
2809 499
2810 -5272
2811 -1207
2812 5051
2813 1752
2814 -4910
2815 -2467
2816 4510
2817 2934
2818 -4235
2819 -3568
2820 3683
2821 3989
2822 -3318
2823 -4427
2824 2583
2825 4706
2826 -2161
2827 -5045
2828 1412
2829 5117
2830 -971
2831 -5382
2832 128
2833 5286
2834 543
2835 -5298
2836 -1252
2837 5084
2838 1760
2839 -4955
2840 -2456
2841 4524
2842 2944
2843 -4291
2844 -3549
2845 3703
2846 3995
2847 -3309
2848 -4470
2849 2682
2850 4617
2851 -2167
2852 -5015
2853 1440
2854 5104
2855 -869
2856 -5368
2857 90
2858 5270
2859 400
2860 -5262
2861 -1175
2862 5072
2863 1786
2864 -4899
2865 -2442
2866 4527
2867 2940
2868 -4260
2869 -3557
2870 3722
2871 3914
2872 -3314
2873 -4474
2874 2626
2875 4723
2876 -2177
2877 -5028
2878 1419
2879 5190
2880 -869
2881 -5350
2882 146
2883 5242
2884 450
2885 -5280
2886 -1203
2887 5060
2888 1747
2889 -4867
2890 -2487
2891 4525
2892 2919
2893 -4220
2894 -3563
2895 3697
2896 4028
2897 -3287
2898 -4424
2899 2596
2900 4708
2901 -2155
2902 -5019
2903 1386
2904 5122
2905 -831
2906 -5325
2907 121
2908 5240
2909 480
2910 -5303
2911 -1198
2912 5101
2913 1739
2914 -4889
2915 -2446
2916 4563
2917 2923
2918 -4255
2919 -3564
2920 3650
2921 3869
2922 -3300
2923 -4469
2924 2610
2925 4684
2926 -2133
2927 -4988
2928 1406
2929 5118
2930 -882
2931 -5306
2932 114
2933 5250
2934 502
2935 -5288
2936 -1304
2937 5036
2938 1795
2939 -4936
2940 -2509
2941 4557
2942 2979
2943 -4271
2944 -3569
2945 3621
2946 3975
2947 -3311
2948 -4443
2949 2602
2950 4711
2951 -2094
2952 -5016
2953 1426
2954 5160
2955 -845
2956 -5322
2957 -3
2958 5282
2959 525
2960 -5283
2961 -1267
2962 5034
2963 1793
2964 -4889
2965 -2530
2966 4511
2967 2942
2968 -4211
2969 -3623
2970 3680
2971 3954
2972 -3285
2973 -4424
2974 2652
2975 4677
2976 -2147
2977 -5023
2978 1457
2979 5137
2980 -818
2981 -5296
2982 88
2983 5241
2984 471
2985 -5290
2986 -1278
2987 5099
2988 1780
2989 -4956
2990 -2467
2991 4483
2992 3015
2993 -4244
2994 -3535
2995 3687
2996 3986
2997 -3300
2998 -4471
2999 2638
3000 4705
3001 -2098
3002 -5063
3003 1397
3004 5138
3005 -810
3006 -5313
3007 89
3008 5274
3009 477
3010 -5254
3011 -1312
3012 5090
3013 1798
3014 -4897
3015 -2466
3016 4554
3017 2925
3018 -4178
3019 -3660
3020 3630
3021 3958
3022 -3286
3023 -4402
3024 2631
3025 4699
3026 -2110
3027 -5037
3028 1432
3029 5121
3030 -717
3031 -5296
3032 96
3033 5222
3034 526
3035 -5278
3036 -1213
3037 5014
3038 1771
3039 -4907
3040 -2514
3041 4442
3042 2976
3043 -4221
3044 -3611
3045 3641
3046 4032
3047 -3193
3048 -4473
3049 2617
3050 4703
3051 -2052
3052 -5057
3053 1412
3054 5098
3055 -828
3056 -5297
3057 58
3058 5330
3059 479
3060 -5244
3061 -1257
3062 5061
3063 1815
3064 -4888
3065 -2537
3066 4473
3067 3010
3068 -4239
3069 -3693
3070 3626
3071 4006
3072 -3304
3073 -4472
3074 2624
3075 4748
3076 -2115
3077 -5070
3078 1347
3079 5142
3080 -834
3081 -5309
3082 118
3083 5249
3084 573
3085 -5330
3086 -1231
3087 5079
3088 1891
3089 -4847
3090 -2577
3091 4477
3092 2988
3093 -4222
3094 -3592
3095 3658
3096 3990
3097 -3258
3098 -4447
3099 2581
3100 4735
3101 -2095
3102 -5077
3103 1358
3104 5173
3105 -804
3106 -5333
3107 15
3108 5234
3109 546
3110 -5260
3111 -1279
3112 5032
3113 1803
3114 -4856
3115 -2606
3116 4423
3117 2983
3118 -4236
3119 -3604
3120 3602
3121 3987
3122 -3215
3123 -4514
3124 2559
3125 4747
3126 -2064
3127 -5135
3128 1342
3129 5174
3130 -753
3131 -5341
3132 87
3133 5289
3134 538
3135 -5321
3136 -1260
3137 4993
3138 1834
3139 -4952
3140 -2516
3141 4405
3142 2944
3143 -4149
3144 -3656
3145 3608
3146 4039
3147 -3270
3148 -4510
3149 2584
3150 4769
3151 -2078
3152 -5080
3153 1316
3154 5179
3155 -748
3156 -5379
3157 -23
3158 5230
3159 607
3160 -5226
3161 -1294
3162 5016
3163 1825
3164 -4851
3165 -2534
3166 4423
3167 3042
3168 -4191
3169 -3618
3170 3687
3171 4023
3172 -3252
3173 -4516
3174 2559
3175 4701
3176 -2036
3177 -5105
3178 1336
3179 5126
3180 -784
3181 -5302
3182 45
3183 5212
3184 571
3185 -5220
3186 -1314
3187 5042
3188 1809
3189 -4878
3190 -2573
3191 4460
3192 3005
3193 -4234
3194 -3630
3195 3695
3196 4036
3197 -3221
3198 -4435
3199 2651
3200 4752
3201 -2035
3202 -5066
3203 1331
3204 5161
3205 -787
3206 -5360
3207 46
3208 5241
3209 568
3210 -5301
3211 -1320
3212 5042
3213 1839
3214 -4855
3215 -2587
3216 4551
3217 3038
3218 -4196
3219 -3629
3220 3634
3221 4089
3222 -3250
3223 -4509
3224 2514
3225 4702
3226 -2042
3227 -5076
3228 1333
3229 5156
3230 -747
3231 -5369
3232 -19
3233 5228
3234 639
3235 -5316
3236 -1326
3237 5017
3238 1941
3239 -4874
3240 -2601
3241 4495
3242 3032
3243 -4146
3244 -3617
3245 3608
3246 4073
3247 -3239
3248 -4493
3249 2568
3250 4765
3251 -2046
3252 -5072
3253 1289
3254 5165
3255 -770
3256 -5326
3257 -15
3258 5282
3259 569
3260 -5240
3261 -1325
3262 5000
3263 1922
3264 -4832
3265 -2566
3266 4502
3267 3061
3268 -4142
3269 -3680
3270 3635
3271 4012
3272 -3169
3273 -4468
3274 2540
3275 4767
3276 -2053
3277 -5123
3278 1282
3279 5233
3280 -751
3281 -5274
3282 7
3283 5260
3284 602
3285 -5223
3286 -1385
3287 5051
3288 1870
3289 -4906
3290 -2632
3291 4460
3292 3037
3293 -4161
3294 -3601
3295 3596
3296 4022
3297 -3164
3298 -4506
3299 2514
3300 4748
3301 -2000
3302 -5130
3303 1292
3304 5117
3305 -737
3306 -5317
3307 9
3308 5215
3309 577
3310 -5260
3311 -1363
3312 5012
3313 1853
3314 -4851
3315 -2546
3316 4514
3317 3026
3318 -4157
3319 -3639
3320 3580
3321 4012
3322 -3232
3323 -4459
3324 2557
3325 4796
3326 -2047
3327 -5033
3328 1354
3329 5116
3330 -764
3331 -5335
3332 -17
3333 5263
3334 570
3335 -5251
3336 -1352
3337 5044
3338 1863
3339 -4911
3340 -2534
3341 4435
3342 3044
3343 -4196
3344 -3580
3345 3559
3346 4000
3347 -3146
3348 -4556
3349 2507
3350 4734
3351 -1972
3352 -5107
3353 1281
3354 5233
3355 -694
3356 -5338
3357 -30
3358 5264
3359 594
3360 -5286
3361 -1341
3362 5012
3363 1889
3364 -4860
3365 -2574
3366 4413
3367 3024
3368 -4158
3369 -3661
3370 3537
3371 4040
3372 -3230
3373 -4520
3374 2458
3375 4723
3376 -2016
3377 -5112
3378 1326
3379 5189
3380 -647
3381 -5358
3382 -47
3383 5265
3384 601
3385 -5362
3386 -1304
3387 5034
3388 1908
3389 -4819
3390 -2603
3391 4448
3392 3097
3393 -4149
3394 -3704
3395 3573
3396 4056
3397 -3174
3398 -4484
3399 2499
3400 4820
3401 -2023
3402 -5098
3403 1291
3404 5184
3405 -619
3406 -5354
3407 -12
3408 5223
3409 637
3410 -5282
3411 -1390
3412 4968
3413 1886
3414 -4827
3415 -2617
3416 4452
3417 3084
3418 -4127
3419 -3734
3420 3593
3421 4009
3422 -3198
3423 -4472
3424 2482
3425 4719
3426 -1960
3427 -5060
3428 1267
3429 5191
3430 -686
3431 -5307
3432 -106
3433 5229
3434 661
3435 -5299
3436 -1393
3437 4959
3438 1916
3439 -4867
3440 -2623
3441 4477
3442 3126
3443 -4110
3444 -3684
3445 3576
3446 4068
3447 -3157
3448 -4540
3449 2492
3450 4783
3451 -1949
3452 -5095
3453 1239
3454 5155
3455 -727
3456 -5351
3457 3
3458 5247
3459 633
3460 -5261
3461 -1360
3462 5005
3463 1939
3464 -4867
3465 -2605
3466 4414
3467 3054
3468 -4142
3469 -3661
3470 3509
3471 4112
3472 -3192
3473 -4496
3474 2514
3475 4768
3476 -1991
3477 -5092
3478 1248
3479 5147
3480 -724
3481 -5335
3482 -25
3483 5224
3484 605
3485 -5257
3486 -1314
3487 5006
3488 1902
3489 -4858
3490 -2614
3491 4481
3492 3059
3493 -4060
3494 -3679
3495 3561
3496 4038
3497 -3127
3498 -4559
3499 2540
3500 4798
3501 -1962
3502 -5093
3503 1274
3504 5170
3505 -677
3506 -5390
3507 -97
3508 5289
3509 620
3510 -5275
3511 -1356
3512 5000
3513 1923
3514 -4852
3515 -2586
3516 4383
3517 3077
3518 -4099
3519 -3701
3520 3545
3521 4069
3522 -3138
3523 -4534
3524 2481
3525 4745
3526 -1988
3527 -5096
3528 1242
3529 5132
3530 -701
3531 -5318
3532 -15
3533 5281
3534 724
3535 -5275
3536 -1479
3537 4965
3538 1980
3539 -4866
3540 -2655
3541 4439
3542 3091
3543 -4072
3544 -3767
3545 3584
3546 4102
3547 -3119
3548 -4585
3549 2528
3550 4748
3551 -1968
3552 -5105
3553 1254
3554 5175
3555 -653
3556 -5334
3557 -89
3558 5269
3559 636
3560 -5188
3561 -1406
3562 4985
3563 1936
3564 -4829
3565 -2630
3566 4356
3567 3085
3568 -4144
3569 -3742
3570 3585
3571 4089
3572 -3143
3573 -4549
3574 2456
3575 4759
3576 -1960
3577 -5126
3578 1290
3579 5155
3580 -649
3581 -5268
3582 -54
3583 5260
3584 634
3585 -5268
3586 -1420
3587 5040
3588 1969
3589 -4769
3590 -2674
3591 4407
3592 3105
3593 -4131
3594 -3714
3595 3519
3596 4126
3597 -3159
3598 -4595
3599 2502
3600 4746
3601 -1942
3602 -5098
3603 1224
3604 5117
3605 -635
3606 -5389
3607 -132
3608 5343
3609 709
3610 -5253
3611 -1412
3612 4992
3613 1979
3614 -4853
3615 -2668
3616 4391
3617 3137
3618 -4122
3619 -3729
3620 3560
3621 4099
3622 -3136
3623 -4569
3624 2499
3625 4816
3626 -1926
3627 -5069
3628 1273
3629 5172
3630 -689
3631 -5331
3632 -58
3633 5215
3634 702
3635 -5311
3636 -1379
3637 4945
3638 1979
3639 -4827
3640 -2655
3641 4372
3642 3105
3643 -4144
3644 -3698
3645 3470
3646 4051
3647 -3132
3648 -4554
3649 2456
3650 4836
3651 -1963
3652 -5108
3653 1213
3654 5169
3655 -656
3656 -5383
3657 -128
3658 5227
3659 651
3660 -5222
3661 -1434
3662 5001
3663 1950
3664 -4769
3665 -2680
3666 4392
3667 3134
3668 -4086
3669 -3763
3670 3527
3671 4148
3672 -3137
3673 -4537
3674 2437
3675 4754
3676 -1918
3677 -5125
3678 1268
3679 5251
3680 -664
3681 -5391
3682 -100
3683 5292
3684 690
3685 -5271
3686 -1450
3687 4954
3688 1915
3689 -4832
3690 -2627
3691 4405
3692 3112
3693 -4145
3694 -3756
3695 3514
3696 4097
3697 -3099
3698 -4561
3699 2507
3700 4794
3701 -1874
3702 -5120
3703 1270
3704 5203
3705 -675
3706 -5361
3707 -109
3708 5264
3709 698
3710 -5201
3711 -1473
3712 4961
3713 1949
3714 -4794
3715 -2670
3716 4378
3717 3152
3718 -4081
3719 -3713
3720 3486
3721 4116
3722 -3060
3723 -4569
3724 2428
3725 4850
3726 -1945
3727 -5130
3728 1231
3729 5166
3730 -607
3731 -5290
3732 -131
3733 5259
3734 674
3735 -5251
3736 -1457
3737 4933
3738 1982
3739 -4821
3740 -2691
3741 4417
3742 3155
3743 -4051
3744 -3768
3745 3536
3746 4086
3747 -3151
3748 -4577
3749 2468
3750 4758
3751 -1891
3752 -5139
3753 1185
3754 5226
3755 -651
3756 -5363
3757 -75
3758 5298
3759 685
3760 -5182
3761 -1443
3762 4972
3763 2026
3764 -4833
3765 -2683
3766 4398
3767 3192
3768 -4077
3769 -3747
3770 3570
3771 4123
3772 -3101
3773 -4531
3774 2387
3775 4805
3776 -1858
3777 -5054
3778 1177
3779 5171
3780 -582
3781 -5368
3782 -195
3783 5267
3784 680
3785 -5220
3786 -1473
3787 5041
3788 2032
3789 -4799
3790 -2640
3791 4349
3792 3117
3793 -4160
3794 -3812
3795 3480
3796 4092
3797 -3113
3798 -4587
3799 2438
3800 4756
3801 -1884
3802 -5144
3803 1228
3804 5211
3805 -659
3806 -5314
3807 -133
3808 5228
3809 713
3810 -5228
3811 -1508
3812 4985
3813 1961
3814 -4821
3815 -2646
3816 4424
3817 3127
3818 -4122
3819 -3774
3820 3477
3821 4066
3822 -3142
3823 -4591
3824 2479
3825 4815
3826 -1831
3827 -5114
3828 1169
3829 5167
3830 -642
3831 -5393
3832 -139
3833 5258
3834 695
3835 -5203
3836 -1504
3837 4942
3838 2013
3839 -4779
3840 -2723
3841 4397
3842 3215
3843 -4069
3844 -3746
3845 3503
3846 4071
3847 -3148
3848 -4581
3849 2430
3850 4808
3851 -1882
3852 -5124
3853 1197
3854 5213
3855 -609
3856 -5360
3857 -175
3858 5297
3859 778
3860 -5235
3861 -1454
3862 4988
3863 2011
3864 -4776
3865 -2679
3866 4344
3867 3185
3868 -4052
3869 -3703
3870 3526
3871 4135
3872 -3154
3873 -4551
3874 2361
3875 4853
3876 -1902
3877 -5146
3878 1106
3879 5220
3880 -574
3881 -5341
3882 -113
3883 5265
3884 794
3885 -5247
3886 -1487
3887 4990
3888 2027
3889 -4741
3890 -2690
3891 4398
3892 3148
3893 -4083
3894 -3739
3895 3466
3896 4115
3897 -3116
3898 -4605
3899 2402
3900 4807
3901 -1885
3902 -5083
3903 1191
3904 5201
3905 -585
3906 -5374
3907 -132
3908 5252
3909 705
3910 -5256
3911 -1463
3912 5020
3913 2053
3914 -4754
3915 -2666
3916 4307
3917 3168
3918 -4073
3919 -3692
3920 3547
3921 4112
3922 -3018
3923 -4632
3924 2371
3925 4795
3926 -1882
3927 -5101
3928 1117
3929 5198
3930 -594
3931 -5344
3932 -162
3933 5260
3934 754
3935 -5138
3936 -1470
3937 4992
3938 1997
3939 -4770
3940 -2731
3941 4316
3942 3181
3943 -4059
3944 -3826
3945 3514
3946 4123
3947 -3093
3948 -4574
3949 2379
3950 4855
3951 -1933
3952 -5158
3953 1102
3954 5230
3955 -528
3956 -5361
3957 -173
3958 5318
3959 764
3960 -5304
3961 -1550
3962 4917
3963 2006
3964 -4811
3965 -2696
3966 4374
3967 3169
3968 -4042
3969 -3785
3970 3523
3971 4134
3972 -3048
3973 -4632
3974 2380
3975 4897
3976 -1789
3977 -5093
3978 1132
3979 5171
3980 -558
3981 -5335
3982 -143
3983 5280
3984 762
3985 -5292
3986 -1502
3987 4995
3988 2054
3989 -4781
3990 -2772
3991 4367
3992 3176
3993 -4057
3994 -3800
3995 3462
3996 4119
3997 -3098
3998 -4629
3999 2423
4000 4836
4001 -1794
4002 -5110
4003 1129
4004 5204
4005 -541
4006 -5389
4007 -242
4008 5249
4009 750
4010 -5240
4011 -1476
4012 4952
4013 2106
4014 -4797
4015 -2763
4016 4308
4017 3205
4018 -4022
4019 -3805
4020 3443
4021 4099
4022 -3049
4023 -4617
4024 2383
4025 4854
4026 -1854
4027 -5161
4028 1127
4029 5132
4030 -517
4031 -5301
4032 -190
4033 5238
4034 782
4035 -5235
4036 -1540
4037 4949
4038 1997
4039 -4850
4040 -2816
4041 4362
4042 3210
4043 -4070
4044 -3726
4045 3417
4046 4158
4047 -3064
4048 -4608
4049 2407
4050 4840
4051 -1805
4052 -5094
4053 1112
4054 5246
4055 -515
4056 -5367
4057 -231
4058 5221
4059 779
4060 -5197
4061 -1573
4062 4954
4063 2056
4064 -4760
4065 -2714
4066 4367
4067 3237
4068 -4031
4069 -3755
4070 3455
4071 4139
4072 -3003
4073 -4616
4074 2349
4075 4871
4076 -1840
4077 -5160
4078 1141
4079 5169
4080 -526
4081 -5344
4082 -221
4083 5220
4084 823
4085 -5215
4086 -1585
4087 4927
4088 2107
4089 -4818
4090 -2784
4091 4338
4092 3230
4093 -4035
4094 -3817
4095 3489
4096 4151
4097 -3008
4098 -4633
4099 2397
4100 4850
4101 -1804
4102 -5194
4103 1098
4104 5176
4105 -507
4106 -5398
4107 -229
4108 5221
4109 850
4110 -5145
4111 -1602
4112 4950
4113 2092
4114 -4785
4115 -2799
4116 4282
4117 3227
4118 -3999
4119 -3839
4120 3467
4121 4205
4122 -2972
4123 -4618
4124 2375
4125 4847
4126 -1793
4127 -5226
4128 1101
4129 5208
4130 -485
4131 -5361
4132 -208
4133 5240
4134 804
4135 -5233
4136 -1585
4137 4926
4138 2099
4139 -4778
4140 -2736
4141 4334
4142 3259
4143 -4021
4144 -3792
4145 3454
4146 4243
4147 -2989
4148 -4600
4149 2378
4150 4817
4151 -1766
4152 -5151
4153 1129
4154 5244
4155 -537
4156 -5386
4157 -226
4158 5282
4159 775
4160 -5231
4161 -1548
4162 4957
4163 2076
4164 -4770
4165 -2748
4166 4325
4167 3235
4168 -4026
4169 -3829
4170 3477
4171 4201
4172 -3014
4173 -4615
4174 2379
4175 4868
4176 -1776
4177 -5130
4178 1066
4179 5200
4180 -462
4181 -5317
4182 -281
4183 5216
4184 793
4185 -5226
4186 -1632
4187 4882
4188 2080
4189 -4771
4190 -2815
4191 4355
4192 3210
4193 -4039
4194 -3764
4195 3416
4196 4170
4197 -2968
4198 -4635
4199 2345
4200 4854
4201 -1851
4202 -5144
4203 1088
4204 5254
4205 -445
4206 -5353
4207 -221
4208 5223
4209 809
4210 -5234
4211 -1604
4212 5030
4213 2113
4214 -4710
4215 -2755
4216 4320
4217 3241
4218 -3974
4219 -3863
4220 3447
4221 4175
4222 -2990
4223 -4688
4224 2315
4225 4814
4226 -1833
4227 -5205
4228 1056
4229 5296
4230 -497
4231 -5338
4232 -217
4233 5215
4234 838
4235 -5260
4236 -1579
4237 4937
4238 2093
4239 -4764
4240 -2807
4241 4289
4242 3227
4243 -3962
4244 -3835
4245 3354
4246 4145
4247 -3014
4248 -4633
4249 2329
4250 4836
4251 -1879
4252 -5176
4253 1038
4254 5194
4255 -458
4256 -5346
4257 -296
4258 5181
4259 880
4260 -5224
4261 -1578
4262 4941
4263 2043
4264 -4739
4265 -2765
4266 4272
4267 3212
4268 -4004
4269 -3835
4270 3464
4271 4179
4272 -3024
4273 -4649
4274 2299
4275 4816
4276 -1764
4277 -5172
4278 1093
4279 5252
4280 -502
4281 -5378
4282 -221
4283 5241
4284 825
4285 -5219
4286 -1575
4287 4925
4288 2138
4289 -4731
4290 -2874
4291 4341
4292 3202
4293 -4028
4294 -3801
4295 3406
4296 4182
4297 -3011
4298 -4674
4299 2321
4300 4845
4301 -1764
4302 -5182
4303 973
4304 5232
4305 -424
4306 -5383
4307 -288
4308 5239
4309 836
4310 -5246
4311 -1569
4312 4920
4313 2106
4314 -4738
4315 -2781
4316 4269
4317 3284
4318 -3972
4319 -3869
4320 3445
4321 4229
4322 -2997
4323 -4581
4324 2346
4325 4828
4326 -1878
4327 -5182
4328 1029
4329 5181
4330 -455
4331 -5316
4332 -291
4333 5235
4334 819
4335 -5224
4336 -1607
4337 4922
4338 2162
4339 -4708
4340 -2797
4341 4257
4342 3270
4343 -3977
4344 -3870
4345 3403
4346 4195
4347 -2968
4348 -4642
4349 2322
4350 4894
4351 -1703
4352 -5160
4353 1026
4354 5183
4355 -471
4356 -5374
4357 -293
4358 5194
4359 851
4360 -5184
4361 -1594
4362 4924
4363 2157
4364 -4759
4365 -2855
4366 4313
4367 3266
4368 -3981
4369 -3874
4370 3459
4371 4172
4372 -2984
4373 -4710
4374 2264
4375 4898
4376 -1757
4377 -5160
4378 1034
4379 5231
4380 -482
4381 -5342
4382 -249
4383 5213
4384 859
4385 -5253
4386 -1609
4387 5018
4388 2161
4389 -4764
4390 -2812
4391 4304
4392 3265
4393 -3942
4394 -3895
4395 3438
4396 4240
4397 -2920
4398 -4639
4399 2258
4400 4878
4401 -1724
4402 -5115
4403 1054
4404 5219
4405 -415
4406 -5392
4407 -262
4408 5300
4409 895
4410 -5204
4411 -1581
4412 4883
4413 2177
4414 -4750
4415 -2819
4416 4292
4417 3276
4418 -3959
4419 -3835
4420 3396
4421 4236
4422 -2966
4423 -4631
4424 2289
4425 4813
4426 -1748
4427 -5164
4428 1054
4429 5194
4430 -409
4431 -5313
4432 -354
4433 5279
4434 813
4435 -5114
4436 -1615
4437 4928
4438 2119
4439 -4744
4440 -2880
4441 4274
4442 3260
4443 -3971
4444 -3887
4445 3379
4446 4202
4447 -2954
4448 -4652
4449 2239
4450 4877
4451 -1736
4452 -5190
4453 1004
4454 5213
4455 -436
4456 -5363
4457 -285
4458 5268
4459 843
4460 -5177
4461 -1633
4462 4875
4463 2201
4464 -4683
4465 -2891
4466 4241
4467 3213
4468 -4036
4469 -3899
4470 3409
4471 4212
4472 -2922
4473 -4610
4474 2234
4475 4883
4476 -1759
4477 -5235
4478 978
4479 5189
4480 -419
4481 -5302
4482 -388
4483 5181
4484 954
4485 -5198
4486 -1653
4487 4976
4488 2194
4489 -4783
4490 -2870
4491 4224
4492 3341
4493 -3943
4494 -3866
4495 3351
4496 4263
4497 -2936
4498 -4663
4499 2252
4500 4825
4501 -1734
4502 -5216
4503 1013
4504 5209
4505 -385
4506 -5330
4507 -351
4508 5195
4509 967
4510 -5209
4511 -1681
4512 4926
4513 2205
4514 -4699
4515 -2854
4516 4288
4517 3290
4518 -3939
4519 -3880
4520 3416
4521 4254
4522 -2934
4523 -4660
4524 2237
4525 4912
4526 -1715
4527 -5218
4528 983
4529 5277
4530 -443
4531 -5365
4532 -336
4533 5301
4534 946
4535 -5178
4536 -1648
4537 4970
4538 2128
4539 -4705
4540 -2875
4541 4270
4542 3309
4543 -3953
4544 -3923
4545 3367
4546 4232
4547 -2929
4548 -4670
4549 2239
4550 4888
4551 -1697
4552 -5187
4553 995
4554 5199
4555 -450
4556 -5328
4557 -322
4558 5243
4559 919
4560 -5199
4561 -1658
4562 4897
4563 2207
4564 -4717
4565 -2891
4566 4240
4567 3309
4568 -3975
4569 -3916
4570 3369
4571 4235
4572 -2897
4573 -4689
4574 2204
4575 4838
4576 -1667
4577 -5243
4578 974
4579 5239
4580 -380
4581 -5401
4582 -396
4583 5143
4584 939
4585 -5165
4586 -1608
4587 4858
4588 2152
4589 -4679
4590 -2884
4591 4229
4592 3239
4593 -3915
4594 -3877
4595 3267
4596 4242
4597 -2880
4598 -4660
4599 2191
4600 4887
4601 -1780
4602 -5196
4603 986
4604 5225
4605 -356
4606 -5306
4607 -381
4608 5259
4609 979
4610 -5167
4611 -1656
4612 4887
4613 2216
4614 -4705
4615 -2910
4616 4254
4617 3365
4618 -3939
4619 -3934
4620 3344
4621 4287
4622 -2940
4623 -4745
4624 2156
4625 4892
4626 -1663
4627 -5150
4628 945
4629 5226
4630 -351
4631 -5304
4632 -353
4633 5230
4634 950
4635 -5171
4636 -1705
4637 4903
4638 2146
4639 -4667
4640 -2909
4641 4298
4642 3312
4643 -3941
4644 -3925
4645 3353
4646 4268
4647 -2878
4648 -4730
4649 2228
4650 4893
4651 -1636
4652 -5185
4653 928
4654 5182
4655 -360
4656 -5283
4657 -339
4658 5242
4659 902
4660 -5196
4661 -1726
4662 4846
4663 2246
4664 -4746
4665 -2887
4666 4248
4667 3351
4668 -3955
4669 -3867
4670 3394
4671 4301
4672 -2913
4673 -4722
4674 2148
4675 4885
4676 -1667
4677 -5208
4678 985
4679 5224
4680 -331
4681 -5354
4682 -328
4683 5237
4684 926
4685 -5222
4686 -1695
4687 4840
4688 2273
4689 -4674
4690 -2944
4691 4233
4692 3267
4693 -3983
4694 -3884
4695 3284
4696 4219
4697 -2861
4698 -4658
4699 2135
4700 4918
4701 -1665
4702 -5195
4703 958
4704 5229
4705 -394
4706 -5368
4707 -387
4708 5167
4709 918
4710 -5166
4711 -1723
4712 4902
4713 2191
4714 -4698
4715 -2906
4716 4271
4717 3315
4718 -3886
4719 -3954
4720 3326
4721 4292
4722 -2933
4723 -4684
4724 2277
4725 4897
4726 -1722
4727 -5209
4728 920
4729 5228
4730 -339
4731 -5353
4732 -389
4733 5219
4734 897
4735 -5161
4736 -1696
4737 4792
4738 2181
4739 -4727
4740 -2919
4741 4260
4742 3309
4743 -3931
4744 -3993
4745 3264
4746 4259
4747 -2835
4748 -4733
4749 2215
4750 4954
4751 -1661
4752 -5192
4753 927
4754 5207
4755 -309
4756 -5286
4757 -398
4758 5204
4759 952
4760 -5172
4761 -1713
4762 4888
4763 2272
4764 -4683
4765 -2913
4766 4217
4767 3351
4768 -3903
4769 -3872
4770 3312
4771 4239
4772 -2874
4773 -4710
4774 2236
4775 4902
4776 -1661
4777 -5171
4778 955
4779 5199
4780 -323
4781 -5390
4782 -394
4783 5166
4784 968
4785 -5146
4786 -1665
4787 4928
4788 2253
4789 -4728
4790 -2892
4791 4189
4792 3365
4793 -3926
4794 -3929
4795 3302
4796 4331
4797 -2884
4798 -4709
4799 2192
4800 4890
4801 -1686
4802 -5180
4803 914
4804 5251
4805 -326
4806 -5285
4807 -381
4808 5245
4809 990
4810 -5184
4811 -1713
4812 4870
4813 2309
4814 -4699
4815 -2956
4816 4179
4817 3327
4818 -3884
4819 -3959
4820 3308
4821 4290
4822 -2848
4823 -4694
4824 2221
4825 4892
4826 -1583
4827 -5198
4828 882
4829 5260
4830 -330
4831 -5356
4832 -427
4833 5223
4834 969
4835 -5205
4836 -1725
4837 4921
4838 2305
4839 -4668
4840 -2911
4841 4207
4842 3346
4843 -3861
4844 -3968
4845 3303
4846 4297
4847 -2825
4848 -4699
4849 2188
4850 4887
4851 -1602
4852 -5172
4853 900
4854 5231
4855 -346
4856 -5352
4857 -371
4858 5235
4859 968
4860 -5162
4861 -1679
4862 4914
4863 2269
4864 -4587
4865 -2936
4866 4231
4867 3388
4868 -3848
4869 -3943
4870 3306
4871 4274
4872 -2914
4873 -4737
4874 2078
4875 4898
4876 -1682
4877 -5177
4878 812
4879 5220
4880 -319
4881 -5320
4882 -457
4883 5268
4884 1030
4885 -5159
4886 -1749
4887 4873
4888 2232
4889 -4620
4890 -2979
4891 4174
4892 3385
4893 -3868
4894 -3961
4895 3230
4896 4276
4897 -2852
4898 -4729
4899 2203
4900 4940
4901 -1670
4902 -5176
4903 839
4904 5244
4905 -261
4906 -5384
4907 -437
4908 5208
4909 967
4910 -5218
4911 -1742
4912 4848
4913 2219
4914 -4661
4915 -2978
4916 4188
4917 3331
4918 -3901
4919 -3966
4920 3233
4921 4309
4922 -2873
4923 -4702
4924 2163
4925 4971
4926 -1643
4927 -5186
4928 911
4929 5219
4930 -282
4931 -5397
4932 -456
4933 5219
4934 1050
4935 -5124
4936 -1738
4937 4872
4938 2316
4939 -4696
4940 -2964
4941 4240
4942 3381
4943 -3869
4944 -3986
4945 3288
4946 4283
4947 -2836
4948 -4708
4949 2159
4950 4964
4951 -1638
4952 -5208
4953 846
4954 5243
4955 -253
4956 -5360
4957 -504
4958 5186
4959 997
4960 -5173
4961 -1763
4962 4900
4963 2259
4964 -4650
4965 -3002
4966 4224
4967 3352
4968 -3903
4969 -3914
4970 3249
4971 4300
4972 -2819
4973 -4696
4974 2145
4975 4896
4976 -1590
4977 -5217
4978 861
4979 5258
4980 -255
4981 -5387
4982 -463
4983 5180
4984 1103
4985 -5153
4986 -1800
4987 4945
4988 2289
4989 -4696
4990 -3026
4991 4174
4992 3345
4993 -3879
4994 -4005
4995 3281
4996 4286
4997 -2759
4998 -4686
4999 2178
5000 4948
5001 -1543
5002 -5210
5003 856
5004 5220
5005 -290
5006 -5395
5007 -478
5008 5239
5009 1101
5010 -5112
5011 -1754
5012 4878
5013 2303
5014 -4641
5015 -3028
5016 4160
5017 3348
5018 -3831
5019 -3963
5020 3230
5021 4319
5022 -2807
5023 -4751
5024 2127
5025 4966
5026 -1553
5027 -5173
5028 832
5029 5176
5030 -290
5031 -5343
5032 -514
5033 5185
5034 1028
5035 -5158
5036 -1715
5037 4804
5038 2326
5039 -4636
5040 -2973
5041 4138
5042 3456
5043 -3866
5044 -3976
5045 3279
5046 4319
5047 -2825
5048 -4738
5049 2132
5050 4973
5051 -1556
5052 -5210
5053 866
5054 5243
5055 -242
5056 -5353
5057 -487
5058 5213
5059 1077
5060 -5203
5061 -1798
5062 4783
5063 2318
5064 -4684
5065 -3015
5066 4171
5067 3391
5068 -3806
5069 -4006
5070 3259
5071 4300
5072 -2825
5073 -4786
5074 2097
5075 4940
5076 -1591
5077 -5183
5078 807
5079 5269
5080 -181
5081 -5354
5082 -450
5083 5180
5084 1046
5085 -5196
5086 -1820
5087 4922
5088 2325
5089 -4618
5090 -2969
5091 4230
5092 3427
5093 -3829
5094 -4044
5095 3306
5096 4349
5097 -2814
5098 -4771
5099 2024
5100 4956
5101 -1569
5102 -5189
5103 803
5104 5218
5105 -279
5106 -5363
5107 -475
5108 5165
5109 1078
5110 -5150
5111 -1799
5112 4814
5113 2401
5114 -4630
5115 -3002
5116 4149
5117 3434
5118 -3823
5119 -3949
5120 3202
5121 4295
5122 -2795
5123 -4762
5124 2127
5125 4933
5126 -1585
5127 -5196
5128 857
5129 5254
5130 -224
5131 -5297
5132 -529
5133 5218
5134 1052
5135 -5138
5136 -1781
5137 4819
5138 2306
5139 -4598
5140 -3029
5141 4109
5142 3426
5143 -3843
5144 -4027
5145 3199
5146 4323
5147 -2743
5148 -4749
5149 2060
5150 4919
5151 -1536
5152 -5155
5153 858
5154 5277
5155 -246
5156 -5337
5157 -526
5158 5169
5159 1093
5160 -5170
5161 -1820
5162 4822
5163 2362
5164 -4638
5165 -3036
5166 4210
5167 3475
5168 -3852
5169 -3974
5170 3186
5171 4349
5172 -2772
5173 -4743
5174 2130
5175 4925
5176 -1588
5177 -5210
5178 792
5179 5239
5180 -231
5181 -5344
5182 -520
5183 5232
5184 1070
5185 -5126
5186 -1891
5187 4844
5188 2325
5189 -4574
5190 -3026
5191 4123
5192 3436
5193 -3856
5194 -4069
5195 3190
5196 4396
5197 -2791
5198 -4781
5199 2091
5200 4951
5201 -1477
5202 -5197
5203 781
5204 5312
5205 -212
5206 -5335
5207 -509
5208 5231
5209 1136
5210 -5152
5211 -1812
5212 4860
5213 2287
5214 -4652
5215 -3052
5216 4183
5217 3461
5218 -3791
5219 -3986
5220 3238
5221 4374
5222 -2760
5223 -4770
5224 2039
5225 4992
5226 -1476
5227 -5147
5228 750
5229 5219
5230 -231
5231 -5333
5232 -486
5233 5171
5234 1173
5235 -5126
5236 -1832
5237 4837
5238 2335
5239 -4563
5240 -3074
5241 4183
5242 3425
5243 -3811
5244 -4024
5245 3207
5246 4345
5247 -2775
5248 -4756
5249 2108
5250 4938
5251 -1444
5252 -5192
5253 732
5254 5259
5255 -152
5256 -5355
5257 -516
5258 5183
5259 1156
5260 -5144
5261 -1798
5262 4817
5263 2374
5264 -4606
5265 -2979
5266 4094
5267 3458
5268 -3850
5269 -4041
5270 3215
5271 4381
5272 -2758
5273 -4754
5274 2080
5275 4962
5276 -1538
5277 -5235
5278 792
5279 5197
5280 -169
5281 -5385
5282 -575
5283 5163
5284 1047
5285 -5144
5286 -1912
5287 4853
5288 2373
5289 -4625
5290 -3073
5291 4140
5292 3472
5293 -3768
5294 -3979
5295 3167
5296 4304
5297 -2730
5298 -4792
5299 2028
5300 4960
5301 -1508
5302 -5244
5303 758
5304 5265
5305 -168
5306 -5350
5307 -535
5308 5237
5309 1146
5310 -5111
5311 -1876
5312 4851
5313 2368
5314 -4610
5315 -3017
5316 4155
5317 3438
5318 -3765
5319 -3988
5320 3181
5321 4381
5322 -2713
5323 -4787
5324 2078
5325 5015
5326 -1451
5327 -5271
5328 859
5329 5257
5330 -171
5331 -5305
5332 -537
5333 5206
5334 1071
5335 -5108
5336 -1896
5337 4846
5338 2365
5339 -4592
5340 -3030
5341 4151
5342 3483
5343 -3809
5344 -4041
5345 3160
5346 4331
5347 -2734
5348 -4764
5349 2038
5350 4922
5351 -1420
5352 -5235
5353 729
5354 5212
5355 -192
5356 -5359
5357 -576
5358 5166
5359 1177
5360 -5166
5361 -1897
5362 4834
5363 2361
5364 -4542
5365 -2989
5366 4126
5367 3504
5368 -3797
5369 -4009
5370 3242
5371 4358
5372 -2710
5373 -4759
5374 1978
5375 4928
5376 -1532
5377 -5211
5378 799
5379 5240
5380 -169
5381 -5369
5382 -498
5383 5210
5384 1179
5385 -5193
5386 -1885
5387 4818
5388 2326
5389 -4639
5390 -3017
5391 4132
5392 3477
5393 -3695
5394 -3999
5395 3188
5396 4318
5397 -2721
5398 -4787
5399 2044
5400 5010
5401 -1498
5402 -5228
5403 745
5404 5223
5405 -173
5406 -5317
5407 -621
5408 5195
5409 1155
5410 -5091
5411 -1896
5412 4800
5413 2431
5414 -4553
5415 -3067
5416 4090
5417 3541
5418 -3778
5419 -4065
5420 3169
5421 4372
5422 -2663
5423 -4782
5424 2044
5425 5011
5426 -1477
5427 -5229
5428 706
5429 5233
5430 -235
5431 -5314
5432 -567
5433 5207
5434 1218
5435 -5070
5436 -1891
5437 4770
5438 2428
5439 -4577
5440 -3077
5441 4087
5442 3445
5443 -3757
5444 -4138
5445 3167
5446 4401
5447 -2687
5448 -4783
5449 1980
5450 4912
5451 -1470
5452 -5192
5453 696
5454 5239
5455 -181
5456 -5357
5457 -562
5458 5206
5459 1199
5460 -5075
5461 -1937
5462 4797
5463 2414
5464 -4512
5465 -3035
5466 4085
5467 3577
5468 -3734
5469 -4089
5470 3186
5471 4411
5472 -2712
5473 -4745
5474 2002
5475 4955
5476 -1430
5477 -5264
5478 705
5479 5210
5480 -162
5481 -5355
5482 -558
5483 5177
5484 1123
5485 -5089
5486 -1957
5487 4814
5488 2364
5489 -4610
5490 -3130
5491 4172
5492 3588
5493 -3767
5494 -4109
5495 3162
5496 4405
5497 -2741
5498 -4816
5499 1960
5500 4931
5501 -1401
5502 -5221
5503 726
5504 5282
5505 -151
5506 -5336
5507 -569
5508 5153
5509 1170
5510 -5095
5511 -1913
5512 4784
5513 2423
5514 -4576
5515 -3172
5516 4132
5517 3533
5518 -3753
5519 -4051
5520 3137
5521 4423
5522 -2676
5523 -4826
5524 1997
5525 4915
5526 -1526
5527 -5219
5528 737
5529 5227
5530 -141
5531 -5359
5532 -573
5533 5146
5534 1181
5535 -5091
5536 -1856
5537 4815
5538 2399
5539 -4606
5540 -3140
5541 4180
5542 3502
5543 -3727
5544 -4119
5545 3131
5546 4411
5547 -2674
5548 -4782
5549 1951
5550 4945
5551 -1419
5552 -5228
5553 650
5554 5197
5555 -136
5556 -5331
5557 -605
5558 5191
5559 1207
5560 -5136
5561 -1937
5562 4783
5563 2518
5564 -4595
5565 -3102
5566 4058
5567 3530
5568 -3723
5569 -4089
5570 3112
5571 4439
5572 -2674
5573 -4834
5574 1912
5575 4963
5576 -1467
5577 -5207
5578 720
5579 5233
5580 -163
5581 -5299
5582 -594
5583 5145
5584 1182
5585 -5106
5586 -1887
5587 4777
5588 2470
5589 -4538
5590 -3160
5591 4051
5592 3521
5593 -3690
5594 -4135
5595 3142
5596 4387
5597 -2753
5598 -4773
5599 1977
5600 5010
5601 -1444
5602 -5219
5603 670
5604 5215
5605 -92
5606 -5302
5607 -661
5608 5227
5609 1212
5610 -5096
5611 -1944
5612 4833
5613 2455
5614 -4529
5615 -3138
5616 4058
5617 3569
5618 -3697
5619 -4101
5620 3127
5621 4346
5622 -2649
5623 -4758
5624 1966
5625 4978
5626 -1445
5627 -5311
5628 736
5629 5261
5630 -99
5631 -5375
5632 -621
5633 5221
5634 1189
5635 -5082
5636 -1961
5637 4784
5638 2445
5639 -4611
5640 -3068
5641 4078
5642 3575
5643 -3760
5644 -4076
5645 3156
5646 4388
5647 -2700
5648 -4876
5649 1934
5650 4975
5651 -1391
5652 -5211
5653 720
5654 5265
5655 -134
5656 -5368
5657 -624
5658 5193
5659 1291
5660 -5102
5661 -1917
5662 4804
5663 2451
5664 -4540
5665 -3208
5666 4048
5667 3515
5668 -3766
5669 -4142
5670 3119
5671 4446
5672 -2651
5673 -4777
5674 2024
5675 5072
5676 -1351
5677 -5203
5678 686
5679 5222
5680 -100
5681 -5412
5682 -699
5683 5196
5684 1212
5685 -5054
5686 -1973
5687 4824
5688 2437
5689 -4535
5690 -3097
5691 4109
5692 3491
5693 -3682
5694 -4086
5695 3068
5696 4438
5697 -2656
5698 -4858
5699 1961
5700 5010
5701 -1472
5702 -5292
5703 667
5704 5248
5705 -104
5706 -5380
5707 -656
5708 5123
5709 1220
5710 -5150
5711 -1987
5712 4759
5713 2440
5714 -4570
5715 -3105
5716 4090
5717 3565
5718 -3727
5719 -4131
5720 3121
5721 4403
5722 -2608
5723 -4804
5724 1936
5725 5043
5726 -1406
5727 -5235
5728 658
5729 5168
5730 -89
5731 -5348
5732 -728
5733 5192
5734 1254
5735 -5091
5736 -1974
5737 4811
5738 2488
5739 -4545
5740 -3114
5741 4041
5742 3515
5743 -3659
5744 -4162
5745 3112
5746 4385
5747 -2557
5748 -4807
5749 1919
5750 5017
5751 -1368
5752 -5250
5753 700
5754 5248
5755 -128
5756 -5352
5757 -677
5758 5131
5759 1284
5760 -5038
5761 -2009
5762 4710
5763 2453
5764 -4536
5765 -3134
5766 4024
5767 3529
5768 -3681
5769 -4081
5770 3053
5771 4423
5772 -2645
5773 -4771
5774 1974
5775 5028
5776 -1359
5777 -5242
5778 655
5779 5198
5780 -41
5781 -5300
5782 -674
5783 5183
5784 1260
5785 -5096
5786 -1980
5787 4810
5788 2465
5789 -4568
5790 -3148
5791 4063
5792 3557
5793 -3705
5794 -4139
5795 3065
5796 4397
5797 -2569
5798 -4810
5799 1984
5800 4967
5801 -1385
5802 -5272
5803 647
5804 5268
5805 -29
5806 -5294
5807 -704
5808 5157
5809 1227
5810 -5058
5811 -1906
5812 4806
5813 2494
5814 -4543
5815 -3179
5816 4056
5817 3573
5818 -3630
5819 -4105
5820 3098
5821 4429
5822 -2632
5823 -4842
5824 1932
5825 5022
5826 -1310
5827 -5252
5828 650
5829 5271
5830 -76
5831 -5353
5832 -705
5833 5123
5834 1271
5835 -5124
5836 -2042
5837 4739
5838 2484
5839 -4520
5840 -3165
5841 4042
5842 3560
5843 -3690
5844 -4147
5845 3064
5846 4427
5847 -2622
5848 -4829
5849 1914
5850 4978
5851 -1325
5852 -5231
5853 606
5854 5236
5855 -7
5856 -5315
5857 -761
5858 5163
5859 1226
5860 -5061
5861 -2004
5862 4762
5863 2498
5864 -4526
5865 -3167
5866 4059
5867 3615
5868 -3639
5869 -4127
5870 3077
5871 4450
5872 -2608
5873 -4860
5874 1994
5875 4913
5876 -1335
5877 -5274
5878 661
5879 5238
5880 -83
5881 -5329
5882 -733
5883 5147
5884 1288
5885 -5112
5886 -2007
5887 4811
5888 2543
5889 -4594
5890 -3212
5891 4038
5892 3654
5893 -3659
5894 -4167
5895 3045
5896 4476
5897 -2603
5898 -4764
5899 1935
5900 5014
5901 -1367
5902 -5270
5903 551
5904 5238
5905 -97
5906 -5294
5907 -685
5908 5148
5909 1244
5910 -5064
5911 -1943
5912 4788
5913 2509
5914 -4480
5915 -3136
5916 4021
5917 3555
5918 -3659
5919 -4109
5920 3010
5921 4484
5922 -2659
5923 -4868
5924 1930
5925 4986
5926 -1357
5927 -5270
5928 582
5929 5272
5930 -36
5931 -5382
5932 -717
5933 5192
5934 1282
5935 -5103
5936 -2038
5937 4745
5938 2544
5939 -4546
5940 -3203
5941 4016
5942 3619
5943 -3711
5944 -4128
5945 3040
5946 4459
5947 -2658
5948 -4877
5949 1878
5950 5000
5951 -1255
5952 -5276
5953 580
5954 5259
5955 10
5956 -5295
5957 -686
5958 5183
5959 1259
5960 -5103
5961 -2065
5962 4714
5963 2561
5964 -4482
5965 -3183
5966 4051
5967 3512
5968 -3663
5969 -4193
5970 3078
5971 4437
5972 -2643
5973 -4851
5974 1897
5975 5025
5976 -1325
5977 -5267
5978 588
5979 5287
5980 -24
5981 -5372
5982 -763
5983 5145
5984 1303
5985 -5081
5986 -2042
5987 4727
5988 2504
5989 -4474
5990 -3218
5991 4053
5992 3601
5993 -3631
5994 -4175
5995 3052
5996 4434
5997 -2568
5998 -4839
5999 1869
6000 5038
6001 -1315
6002 -5302
6003 543
6004 5235
6005 -29
6006 -5276
6007 -762
6008 5164
6009 1287
6010 -5100
6011 -2098
6012 4718
6013 2573
6014 -4490
6015 -3181
6016 4006
6017 3605
6018 -3702
6019 -4213
6020 3047
6021 4488
6022 -2575
6023 -4846
6024 1880
6025 5050
6026 -1343
6027 -5229
6028 566
6029 5230
6030 -9
6031 -5297
6032 -747
6033 5138
6034 1336
6035 -5140
6036 -2106
6037 4763
6038 2485
6039 -4470
6040 -3161
6041 3990
6042 3607
6043 -3650
6044 -4193
6045 2979
6046 4467
6047 -2558
6048 -4822
6049 1872
6050 5029
6051 -1300
6052 -5229
6053 555
6054 5237
6055 -6
6056 -5358
6057 -736
6058 5228
6059 1356
6060 -5083
6061 -2031
6062 4720
6063 2559
6064 -4474
6065 -3296
6066 4027
6067 3639
6068 -3643
6069 -4223
6070 3069
6071 4495
6072 -2561
6073 -4806
6074 1869
6075 5027
6076 -1294
6077 -5265
6078 590
6079 5303
6080 -45
6081 -5282
6082 -758
6083 5211
6084 1252
6085 -5072
6086 -2016
6087 4691
6088 2631
6089 -4526
6090 -3185
6091 4028
6092 3637
6093 -3649
6094 -4138
6095 3009
6096 4415
6097 -2574
6098 -4919
6099 1844
6100 5036
6101 -1305
6102 -5301
6103 599
6104 5293
6105 24
6106 -5322
6107 -749
6108 5177
6109 1375
6110 -5076
6111 -2077
6112 4704
6113 2594
6114 -4520
6115 -3161
6116 3934
6117 3640
6118 -3615
6119 -4140
6120 2983
6121 4534
6122 -2554
6123 -4845
6124 1842
6125 5040
6126 -1307
6127 -5283
6128 561
6129 5304
6130 -1
6131 -5313
6132 -732
6133 5123
6134 1389
6135 -5106
6136 -2095
6137 4731
6138 2591
6139 -4438
6140 -3242
6141 3993
6142 3637
6143 -3639
6144 -4193
6145 3029
6146 4513
6147 -2553
6148 -4852
6149 1802
6150 4955
6151 -1245
6152 -5263
6153 524
6154 5209
6155 13
6156 -5337
6157 -740
6158 5173
6159 1397
6160 -5072
6161 -2088
6162 4709
6163 2653
6164 -4458
6165 -3235
6166 4039
6167 3635
6168 -3627
6169 -4196
6170 3020
6171 4475
6172 -2600
6173 -4898
6174 1818
6175 5071
6176 -1296
6177 -5282
6178 523
6179 5186
6180 12
6181 -5332
6182 -815
6183 5167
6184 1358
6185 -5013
6186 -2016
6187 4732
6188 2580
6189 -4465
6190 -3327
6191 3959
6192 3665
6193 -3664
6194 -4129
6195 2923
6196 4444
6197 -2480
6198 -4882
6199 1752
6200 5067
6201 -1257
6202 -5273
6203 496
6204 5187
6205 5
6206 -5355
6207 -797
6208 5159
6209 1342
6210 -5073
6211 -2092
6212 4745
6213 2582
6214 -4503
6215 -3221
6216 3935
6217 3584
6218 -3677
6219 -4195
6220 2970
6221 4492
6222 -2565
6223 -4912
6224 1814
6225 5038
6226 -1272
6227 -5254
6228 560
6229 5263
6230 39
6231 -5307
6232 -795
6233 5153
6234 1336
6235 -5006
6236 -2061
6237 4709
6238 2574
6239 -4500
6240 -3251
6241 3954
6242 3582
6243 -3595
6244 -4157
6245 2959
6246 4472
6247 -2513
6248 -4914
6249 1819
6250 5001
6251 -1295
6252 -5227
6253 574
6254 5270
6255 77
6256 -5312
6257 -804
6258 5152
6259 1309
6260 -5023
6261 -2125
6262 4694
6263 2556
6264 -4476
6265 -3264
6266 3951
6267 3634
6268 -3694
6269 -4168
6270 2963
6271 4455
6272 -2488
6273 -4859
6274 1850
6275 5012
6276 -1218
6277 -5260
6278 491
6279 5252
6280 44
6281 -5361
6282 -787
6283 5105
6284 1378
6285 -4988
6286 -2133
6287 4699
6288 2620
6289 -4468
6290 -3264
6291 3906
6292 3675
6293 -3632
6294 -4159
6295 2970
6296 4504
6297 -2541
6298 -4906
6299 1809
6300 5056
6301 -1237
6302 -5270
6303 552
6304 5170
6305 53
6306 -5321
6307 -775
6308 5100
6309 1327
6310 -5105
6311 -2088
6312 4702
6313 2611
6314 -4505
6315 -3259
6316 3913
6317 3645
6318 -3582
6319 -4185
6320 2961
6321 4477
6322 -2498
6323 -4900
6324 1758
6325 5056
6326 -1200
6327 -5333
6328 460
6329 5234
6330 56
6331 -5362
6332 -850
6333 5137
6334 1368
6335 -5092
6336 -2134
6337 4679
6338 2624
6339 -4464
6340 -3242
6341 3925
6342 3673
6343 -3567
6344 -4181
6345 2989
6346 4445
6347 -2538
6348 -4918
6349 1815
6350 5064
6351 -1223
6352 -5219
6353 520
6354 5249
6355 70
6356 -5297
6357 -820
6358 5149
6359 1394
6360 -5013
6361 -2105
6362 4678
6363 2638
6364 -4468
6365 -3272
6366 3985
6367 3680
6368 -3576
6369 -4207
6370 2983
6371 4500
6372 -2476
6373 -4862
6374 1802
6375 5042
6376 -1177
6377 -5307
6378 532
6379 5304
6380 80
6381 -5345
6382 -829
6383 5107
6384 1392
6385 -5054
6386 -2082
6387 4689
6388 2626
6389 -4436
6390 -3250
6391 3984
6392 3703
6393 -3527
6394 -4242
6395 3019
6396 4542
6397 -2523
6398 -4861
6399 1806
6400 5055
6401 -1234
6402 -5260
6403 404
6404 5254
6405 100
6406 -5323
6407 -830
6408 5127
6409 1433
6410 -5032
6411 -2134
6412 4660
6413 2651
6414 -4472
6415 -3313
6416 3995
6417 3697
6418 -3575
6419 -4179
6420 2944
6421 4504
6422 -2500
6423 -4938
6424 1807
6425 5072
6426 -1242
6427 -5270
6428 485
6429 5246
6430 120
6431 -5333
6432 -838
6433 5101
6434 1460
6435 -5042
6436 -2147
6437 4765
6438 2627
6439 -4433
6440 -3298
6441 4024
6442 3704
6443 -3567
6444 -4231
6445 2945
6446 4565
6447 -2429
6448 -4883
6449 1722
6450 5023
6451 -1241
6452 -5290
6453 420
6454 5300
6455 123
6456 -5317
6457 -841
6458 5135
6459 1472
6460 -5045
6461 -2128
6462 4707
6463 2641
6464 -4436
6465 -3315
6466 3906
6467 3680
6468 -3597
6469 -4194
6470 2923
6471 4515
6472 -2488
6473 -4907
6474 1747
6475 5048
6476 -1259
6477 -5353
6478 506
6479 5273
6480 121
6481 -5334
6482 -953
6483 5098
6484 1428
6485 -5027
6486 -2185
6487 4612
6488 2618
6489 -4407
6490 -3287
6491 3927
6492 3710
6493 -3557
6494 -4242
6495 2932
6496 4518
6497 -2515
6498 -4851
6499 1768
6500 5053
6501 -1173
6502 -5338
6503 432
6504 5246
6505 175
6506 -5279
6507 -819
6508 5135
6509 1439
6510 -5044
6511 -2141
6512 4657
6513 2668
6514 -4410
6515 -3272
6516 3896
6517 3692
6518 -3519
6519 -4236
6520 2898
6521 4517
6522 -2450
6523 -4917
6524 1722
6525 5024
6526 -1194
6527 -5244
6528 424
6529 5244
6530 142
6531 -5339
6532 -946
6533 5106
6534 1435
6535 -4994
6536 -2191
6537 4642
6538 2698
6539 -4405
6540 -3287
6541 3868
6542 3645
6543 -3558
6544 -4235
6545 2948
6546 4558
6547 -2486
6548 -4953
6549 1728
6550 5000
6551 -1144
6552 -5262
6553 452
6554 5190
6555 170
6556 -5322
6557 -921
6558 5123
6559 1477
6560 -5001
6561 -2171
6562 4668
6563 2649
6564 -4403
6565 -3279
6566 3932
6567 3737
6568 -3575
6569 -4256
6570 2919
6571 4561
6572 -2421
6573 -4921
6574 1746
6575 5000
6576 -1192
6577 -5266
6578 460
6579 5206
6580 170
6581 -5270
6582 -917
6583 5087
6584 1425
6585 -5007
6586 -2160
6587 4662
6588 2642
6589 -4397
6590 -3304
6591 3921
6592 3736
6593 -3555
6594 -4203
6595 2909
6596 4526
6597 -2467
6598 -4898
6599 1720
6600 5081
6601 -1244
6602 -5298
6603 440
6604 5292
6605 106
6606 -5287
6607 -901
6608 5147
6609 1433
6610 -4988
6611 -2195
6612 4666
6613 2648
6614 -4382
6615 -3337
6616 3967
6617 3723
6618 -3545
6619 -4277
6620 2894
6621 4549
6622 -2412
6623 -4969
6624 1705
6625 5052
6626 -1151
6627 -5303
6628 416
6629 5270
6630 169
6631 -5275
6632 -876
6633 5123
6634 1416
6635 -5059
6636 -2154
6637 4645
6638 2700
6639 -4388
6640 -3307
6641 3919
6642 3778
6643 -3545
6644 -4260
6645 2918
6646 4617
6647 -2405
6648 -4947
6649 1723
6650 5106
6651 -1171
6652 -5247
6653 398
6654 5251
6655 186
6656 -5304
6657 -970
6658 5127
6659 1458
6660 -5065
6661 -2215
6662 4647
6663 2626
6664 -4416
6665 -3361
6666 3867
6667 3719
6668 -3523
6669 -4229
6670 2883
6671 4551
6672 -2460
6673 -4971
6674 1741
6675 5079
6676 -1156
6677 -5233
6678 432
6679 5256
6680 111
6681 -5334
6682 -923
6683 5142
6684 1435
6685 -5028
6686 -2176
6687 4633
6688 2631
6689 -4415
6690 -3309
6691 3868
6692 3753
6693 -3539
6694 -4280
6695 2902
6696 4531
6697 -2387
6698 -4936
6699 1725
6700 5024
6701 -1173
6702 -5318
6703 424
6704 5242
6705 145
6706 -5350
6707 -882
6708 5134
6709 1524
6710 -5049
6711 -2177
6712 4662
6713 2659
6714 -4368
6715 -3344
6716 3912
6717 3725
6718 -3578
6719 -4321
6720 2893
6721 4550
6722 -2386
6723 -4894
6724 1646
6725 5022
6726 -1163
6727 -5283
6728 360
6729 5222
6730 197
6731 -5319
6732 -902
6733 5146
6734 1464
6735 -4975
6736 -2179
6737 4615
6738 2676
6739 -4438
6740 -3322
6741 3865
6742 3737
6743 -3553
6744 -4302
6745 2820
6746 4555
6747 -2351
6748 -4953
6749 1651
6750 5075
6751 -1102
6752 -5334
6753 393
6754 5269
6755 206
6756 -5328
6757 -899
6758 5095
6759 1513
6760 -4981
6761 -2254
6762 4673
6763 2753
6764 -4378
6765 -3361
6766 3924
6767 3748
6768 -3500
6769 -4336
6770 2834
6771 4576
6772 -2414
6773 -4967
6774 1667
6775 5090
6776 -1130
6777 -5320
6778 379
6779 5250
6780 236
6781 -5323
6782 -961
6783 5104
6784 1517
6785 -5056
6786 -2123
6787 4643
6788 2711
6789 -4390
6790 -3411
6791 3864
6792 3754
6793 -3526
6794 -4236
6795 2889
6796 4596
6797 -2387
6798 -4993
6799 1687
6800 5052
6801 -1092
6802 -5294
6803 362
6804 5266
6805 194
6806 -5311
6807 -944
6808 5144
6809 1559
6810 -4992
6811 -2204
6812 4626
6813 2729
6814 -4417
6815 -3361
6816 3866
6817 3775
6818 -3498
6819 -4261
6820 2909
6821 4570
6822 -2408
6823 -4927
6824 1669
6825 5070
6826 -1064
6827 -5299
6828 401
6829 5260
6830 189
6831 -5297
6832 -881
6833 5138
6834 1486
6835 -5019
6836 -2198
6837 4602
6838 2731
6839 -4430
6840 -3373
6841 3904
6842 3774
6843 -3520
6844 -4276
6845 2856
6846 4610
6847 -2427
6848 -4956
6849 1621
6850 5059
6851 -1108
6852 -5324
6853 355
6854 5245
6855 260
6856 -5279
6857 -953
6858 5146
6859 1510
6860 -5005
6861 -2230
6862 4643
6863 2722
6864 -4431
6865 -3333
6866 3873
6867 3744
6868 -3466
6869 -4341
6870 2856
6871 4469
6872 -2401
6873 -4941
6874 1603
6875 5082
6876 -1129
6877 -5288
6878 363
6879 5249
6880 205
6881 -5241
6882 -1010
6883 5081
6884 1524
6885 -4949
6886 -2284
6887 4659
6888 2681
6889 -4393
6890 -3415
6891 3869
6892 3742
6893 -3514
6894 -4331
6895 2874
6896 4540
6897 -2356
6898 -4932
6899 1671
6900 5090
6901 -1130
6902 -5301
6903 333
6904 5218
6905 244
6906 -5327
6907 -937
6908 5099
6909 1498
6910 -4977
6911 -2286
6912 4647
6913 2766
6914 -4408
6915 -3401
6916 3835
6917 3736
6918 -3476
6919 -4318
6920 2849
6921 4471
6922 -2321
6923 -4881
6924 1632
6925 5069
6926 -1146
6927 -5339
6928 317
6929 5191
6930 237
6931 -5283
6932 -966
6933 5088
6934 1450
6935 -5008
6936 -2228
6937 4591
6938 2838
6939 -4314
6940 -3386
6941 3834
6942 3766
6943 -3504
6944 -4300
6945 2842
6946 4580
6947 -2291
6948 -4959
6949 1645
6950 5056
6951 -1111
6952 -5286
6953 357
6954 5238
6955 252
6956 -5360
6957 -1026
6958 5112
6959 1548
6960 -5045
6961 -2259
6962 4642
6963 2721
6964 -4376
6965 -3361
6966 3845
6967 3747
6968 -3519
6969 -4254
6970 2836
6971 4616
6972 -2352
6973 -4986
6974 1620
6975 5037
6976 -1037
6977 -5356
6978 334
6979 5257
6980 251
6981 -5309
6982 -1007
6983 5115
6984 1488
6985 -4991
6986 -2299
6987 4602
6988 2765
6989 -4370
6990 -3325
6991 3826
6992 3821
6993 -3441
6994 -4292
6995 2755
6996 4558
6997 -2352
6998 -4964
6999 1681
7000 5039
7001 -1017
7002 -5336
7003 324
7004 5324
7005 305
7006 -5337
7007 -997
7008 5070
7009 1529
7010 -4947
7011 -2319
7012 4608
7013 2759
7014 -4375
7015 -3415
7016 3849
7017 3798
7018 -3493
7019 -4386
7020 2801
7021 4580
7022 -2343
7023 -4956
7024 1632
7025 5063
7026 -1047
7027 -5297
7028 306
7029 5236
7030 268
7031 -5288
7032 -995
7033 5057
7034 1517
7035 -5097
7036 -2248
7037 4595
7038 2763
7039 -4305
7040 -3385
7041 3805
7042 3809
7043 -3513
7044 -4305
7045 2769
7046 4508
7047 -2272
7048 -4969
7049 1663
7050 5056
7051 -1026
7052 -5293
7053 308
7054 5283
7055 210
7056 -5237
7057 -1010
7058 5101
7059 1574
7060 -5014
7061 -2289
7062 4613
7063 2791
7064 -4346
7065 -3418
7066 3900
7067 3803
7068 -3431
7069 -4307
7070 2851
7071 4602
7072 -2353
7073 -4927
7074 1596
7075 5111
7076 -1065
7077 -5321
7078 307
7079 5261
7080 329
7081 -5291
7082 -998
7083 5072
7084 1559
7085 -4948
7086 -2307
7087 4595
7088 2747
7089 -4303
7090 -3385
7091 3814
7092 3784
7093 -3419
7094 -4296
7095 2792
7096 4559
7097 -2295
7098 -4919
7099 1601
7100 5080
7101 -1074
7102 -5296
7103 334
7104 5217
7105 276
7106 -5302
7107 -1026
7108 5114
7109 1611
7110 -4965
7111 -2264
7112 4563
7113 2787
7114 -4314
7115 -3440
7116 3875
7117 3858
7118 -3466
7119 -4308
7120 2799
7121 4571
7122 -2276
7123 -4929
7124 1627
7125 5078
7126 -1078
7127 -5305
7128 289
7129 5267
7130 322
7131 -5353
7132 -1032
7133 5086
7134 1608
7135 -4985
7136 -2289
7137 4636
7138 2778
7139 -4286
7140 -3469
7141 3789
7142 3825
7143 -3432
7144 -4292
7145 2710
7146 4629
7147 -2258
7148 -4968
7149 1616
7150 5083
7151 -1039
7152 -5286
7153 342
7154 5256
7155 306
7156 -5313
7157 -1047
7158 5046
7159 1575
7160 -5035
7161 -2312
7162 4597
7163 2846
7164 -4299
7165 -3410
7166 3814
7167 3865
7168 -3449
7169 -4375
7170 2756
7171 4711
7172 -2279
7173 -4959
7174 1614
7175 5070
7176 -1057
7177 -5292
7178 292
7179 5313
7180 319
7181 -5279
7182 -1035
7183 5069
7184 1581
7185 -4933
7186 -2321
7187 4603
7188 2838
7189 -4336
7190 -3463
7191 3764
7192 3791
7193 -3368
7194 -4315
7195 2771
7196 4644
7197 -2298
7198 -4950
7199 1515
7200 5063
7201 -1033
7202 -5304
7203 230
7204 5272
7205 311
7206 -5309
7207 -1024
7208 5060
7209 1610
7210 -4955
7211 -2359
7212 4656
7213 2846
7214 -4344
7215 -3491
7216 3833
7217 3822
7218 -3397
7219 -4368
7220 2812
7221 4675
7222 -2241
7223 -4987
7224 1533
7225 5135
7226 -1017
7227 -5331
7228 220
7229 5264
7230 285
7231 -5337
7232 -1019
7233 5108
7234 1604
7235 -4979
7236 -2312
7237 4612
7238 2791
7239 -4384
7240 -3463
7241 3829
7242 3842
7243 -3388
7244 -4377
7245 2813
7246 4568
7247 -2216
7248 -4979
7249 1510
7250 5058
7251 -1022
7252 -5316
7253 292
7254 5235
7255 311
7256 -5293
7257 -1122
7258 5036
7259 1642
7260 -4965
7261 -2352
7262 4637
7263 2827
7264 -4333
7265 -3452
7266 3800
7267 3892
7268 -3387
7269 -4348
7270 2784
7271 4594
7272 -2306
7273 -5028
7274 1562
7275 5124
7276 -1000
7277 -5316
7278 246
7279 5284
7280 340
7281 -5325
7282 -1045
7283 5072
7284 1634
7285 -4943
7286 -2345
7287 4587
7288 2850
7289 -4280
7290 -3519
7291 3779
7292 3855
7293 -3306
7294 -4405
7295 2746
7296 4594
7297 -2310
7298 -4985
7299 1491
7300 5118
7301 -968
7302 -5252
7303 267
7304 5267
7305 409
7306 -5322
7307 -1124
7308 5078
7309 1659
7310 -4958
7311 -2329
7312 4554
7313 2879
7314 -4360
7315 -3509
7316 3706
7317 3851
7318 -3383
7319 -4379
7320 2781
7321 4631
7322 -2223
7323 -5026
7324 1505
7325 5121
7326 -942
7327 -5362
7328 160
7329 5227
7330 347
7331 -5325
7332 -1085
7333 5084
7334 1622
7335 -4954
7336 -2336
7337 4583
7338 2849
7339 -4342
7340 -3448
7341 3790
7342 3840
7343 -3404
7344 -4344
7345 2768
7346 4687
7347 -2269
7348 -5044
7349 1465
7350 5105
7351 -1015
7352 -5323
7353 212
7354 5273
7355 377
7356 -5248
7357 -1067
7358 5018
7359 1679
7360 -4976
7361 -2382
7362 4612
7363 2828
7364 -4308
7365 -3459
7366 3767
7367 3871
7368 -3452
7369 -4413
7370 2706
7371 4654
7372 -2198
7373 -4998
7374 1541
7375 5080
7376 -961
7377 -5317
7378 225
7379 5297
7380 343
7381 -5310
7382 -1083
7383 5081
7384 1633
7385 -4939
7386 -2384
7387 4596
7388 2912
7389 -4282
7390 -3512
7391 3710
7392 3855
7393 -3369
7394 -4424
7395 2658
7396 4649
7397 -2251
7398 -4973
7399 1489
7400 5048
7401 -937
7402 -5336
7403 243
7404 5228
7405 376
7406 -5324
7407 -1024
7408 5139
7409 1712
7410 -4936
7411 -2359
7412 4576
7413 2862
7414 -4275
7415 -3529
7416 3773
7417 3895
7418 -3387
7419 -4393
7420 2679
7421 4668
7422 -2270
7423 -5038
7424 1484
7425 5113
7426 -925
7427 -5365
7428 194
7429 5258
7430 432
7431 -5302
7432 -1072
7433 5047
7434 1742
7435 -4918
7436 -2416
7437 4564
7438 2898
7439 -4232
7440 -3507
7441 3748
7442 3820
7443 -3350
7444 -4432
7445 2706
7446 4643
7447 -2243
7448 -5034
7449 1521
7450 5125
7451 -937
7452 -5361
7453 231
7454 5226
7455 391
7456 -5289
7457 -1170
7458 5009
7459 1669
7460 -4937
7461 -2414
7462 4564
7463 2912
7464 -4365
7465 -3515
7466 3782
7467 3910
7468 -3309
7469 -4351
7470 2698
7471 4698
7472 -2245
7473 -4981
7474 1489
7475 5130
7476 -917
7477 -5326
7478 152
7479 5259
7480 384
7481 -5262
7482 -1083
7483 5067
7484 1721
7485 -4953
7486 -2327
7487 4619
7488 2857
7489 -4229
7490 -3552
7491 3807
7492 3919
7493 -3365
7494 -4455
7495 2705
7496 4623
7497 -2245
7498 -4988
7499 1508
7500 5175
7501 -882
7502 -5346
7503 150
7504 5260
7505 409
7506 -5296
7507 -1202
7508 5080
7509 1733
7510 -4973
7511 -2390
7512 4576
7513 2892
7514 -4263
7515 -3538
7516 3748
7517 3913
7518 -3337
7519 -4468
7520 2695
7521 4710
7522 -2235
7523 -5002
7524 1526
7525 5154
7526 -915
7527 -5310
7528 181
7529 5185
7530 393
7531 -5262
7532 -1166
7533 5089
7534 1685
7535 -4918
7536 -2420
7537 4532
7538 2883
7539 -4236
7540 -3479
7541 3734
7542 3888
7543 -3348
7544 -4497
7545 2682
7546 4651
7547 -2231
7548 -5043
7549 1412
7550 5085
7551 -900
7552 -5260
7553 150
7554 5227
7555 424
7556 -5312
7557 -1091
7558 5038
7559 1702
7560 -4960
7561 -2405
7562 4560
7563 2847
7564 -4259
7565 -3568
7566 3707
7567 3874
7568 -3286
7569 -4454
7570 2655
7571 4695
7572 -2188
7573 -5033
7574 1501
7575 5074
7576 -900
7577 -5342
7578 140
7579 5180
7580 451
7581 -5275
7582 -1161
7583 5107
7584 1725
7585 -4912
7586 -2466
7587 4549
7588 2950
7589 -4260
7590 -3508
7591 3694
7592 3917
7593 -3276
7594 -4399
7595 2594
7596 4715
7597 -2193
7598 -5026
7599 1437
7600 5166
7601 -837
7602 -5271
7603 131
7604 5217
7605 425
7606 -5270
7607 -1188
7608 5027
7609 1706
7610 -4871
7611 -2429
7612 4545
7613 2959
7614 -4255
7615 -3533
7616 3698
7617 3922
7618 -3309
7619 -4427
7620 2670
7621 4660
7622 -2146
7623 -5017
7624 1468
7625 5124
7626 -940
7627 -5357
7628 176
7629 5203
7630 437
7631 -5265
7632 -1139
7633 5000
7634 1732
7635 -4935
7636 -2477
7637 4528
7638 2902
7639 -4273
7640 -3636
7641 3740
7642 3871
7643 -3315
7644 -4427
7645 2669
7646 4587
7647 -2172
7648 -5081
7649 1447
7650 5085
7651 -851
7652 -5304
7653 165
7654 5276
7655 445
7656 -5309
7657 -1128
7658 5091
7659 1740
7660 -4876
7661 -2452
7662 4578
7663 2895
7664 -4247
7665 -3532
7666 3731
7667 3957
7668 -3341
7669 -4437
7670 2640
7671 4677
7672 -2180
7673 -5057
7674 1478
7675 5190
7676 -916
7677 -5314
7678 138
7679 5224
7680 484
7681 -5254
7682 -1182
7683 5061
7684 1698
7685 -4876
7686 -2389
7687 4582
7688 2975
7689 -4244
7690 -3527
7691 3714
7692 3959
7693 -3314
7694 -4413
7695 2662
7696 4680
7697 -2211
7698 -4995
7699 1479
7700 5111
7701 -898
7702 -5291
7703 109
7704 5244
7705 447
7706 -5275
7707 -1177
7708 5081
7709 1701
7710 -4919
7711 -2397
7712 4510
7713 2964
7714 -4279
7715 -3571
7716 3714
7717 3945
7718 -3312
7719 -4441
7720 2665
7721 4699
7722 -2136
7723 -5061
7724 1445
7725 5123
7726 -808
7727 -5328
7728 134
7729 5271
7730 512
7731 -5243
7732 -1216
7733 5073
7734 1827
7735 -4868
7736 -2448
7737 4542
7738 2846
7739 -4178
7740 -3601
7741 3751
7742 3926
7743 -3285
7744 -4394
7745 2636
7746 4659
7747 -2127
7748 -5065
7749 1429
7750 5159
7751 -940
7752 -5308
7753 98
7754 5198
7755 416
7756 -5301
7757 -1145
7758 5027
7759 1735
7760 -4904
7761 -2481
7762 4528
7763 2909
7764 -4254
7765 -3590
7766 3698
7767 3881
7768 -3268
7769 -4459
7770 2713
7771 4659
7772 -2157
7773 -5036
7774 1471
7775 5124
7776 -877
7777 -5295
7778 114
7779 5281
7780 458
7781 -5318
7782 -1181
7783 5031
7784 1874
7785 -4859
7786 -2493
7787 4525
7788 2951
7789 -4171
7790 -3562
7791 3675
7792 3999
7793 -3247
7794 -4434
7795 2686
7796 4684
7797 -2155
7798 -5030
7799 1403
7800 5164
7801 -811
7802 -5338
7803 55
7804 5289
7805 494
7806 -5319
7807 -1226
7808 5080
7809 1782
7810 -4894
7811 -2488
7812 4532
7813 2956
7814 -4180
7815 -3556
7816 3700
7817 3929
7818 -3275
7819 -4479
7820 2640
7821 4738
7822 -2157
7823 -5028
7824 1377
7825 5160
7826 -828
7827 -5323
7828 115
7829 5219
7830 439
7831 -5284
7832 -1270
7833 5014
7834 1789
7835 -4917
7836 -2465
7837 4493
7838 2972
7839 -4198
7840 -3654
7841 3673
7842 3937
7843 -3273
7844 -4438
7845 2638
7846 4693
7847 -2148
7848 -5041
7849 1443
7850 5105
7851 -813
7852 -5258
7853 42
7854 5283
7855 461
7856 -5293
7857 -1252
7858 5045
7859 1790
7860 -4878
7861 -2495
7862 4484
7863 2956
7864 -4205
7865 -3531
7866 3675
7867 4021
7868 -3278
7869 -4409
7870 2555
7871 4722
7872 -2111
7873 -5070
7874 1404
7875 5149
7876 -757
7877 -5326
7878 80
7879 5277
7880 509
7881 -5246
7882 -1273
7883 5025
7884 1750
7885 -4902
7886 -2512
7887 4527
7888 3035
7889 -4200
7890 -3653
7891 3665
7892 3992
7893 -3184
7894 -4438
7895 2641
7896 4702
7897 -2056
7898 -5101
7899 1373
7900 5111
7901 -762
7902 -5306
7903 61
7904 5307
7905 516
7906 -5238
7907 -1268
7908 5033
7909 1790
7910 -4891
7911 -2533
7912 4437
7913 2996
7914 -4249
7915 -3561
7916 3650
7917 3968
7918 -3251
7919 -4511
7920 2689
7921 4715
7922 -2178
7923 -5021
7924 1422
7925 5189
7926 -757
7927 -5304
7928 137
7929 5244
7930 505
7931 -5243
7932 -1190
7933 5047
7934 1801
7935 -4891
7936 -2535
7937 4452
7938 2987
7939 -4266
7940 -3594
7941 3670
7942 3904
7943 -3281
7944 -4498
7945 2607
7946 4724
7947 -2121
7948 -5121
7949 1348
7950 5081
7951 -791
7952 -5327
7953 84
7954 5208
7955 504
7956 -5274
7957 -1233
7958 5021
7959 1809
7960 -4854
7961 -2452
7962 4505
7963 2964
7964 -4189
7965 -3604
7966 3629
7967 3945
7968 -3238
7969 -4411
7970 2606
7971 4699
7972 -2086
7973 -5006
7974 1405
7975 5098
7976 -780
7977 -5321
7978 62
7979 5229
7980 515
7981 -5325
7982 -1317
7983 5074
7984 1777
7985 -4906
7986 -2492
7987 4492
7988 2967
7989 -4186
7990 -3589
7991 3686
7992 3980
7993 -3260
7994 -4474
7995 2615
7996 4651
7997 -2034
7998 -5013
7999 1358
8000 5109
8001 -791
8002 -5277
8003 82
8004 5247
8005 556
8006 -5322
8007 -1322
8008 5034
8009 1836
8010 -4897
8011 -2551
8012 4498
8013 3002
8014 -4230
8015 -3553
8016 3692
8017 3947
8018 -3215
8019 -4451
8020 2551
8021 4702
8022 -2117
8023 -5035
8024 1347
8025 5151
8026 -751
8027 -5311
8028 78
8029 5226
8030 588
8031 -5222
8032 -1305
8033 5040
8034 1846
8035 -4862
8036 -2519
8037 4514
8038 3014
8039 -4180
8040 -3615
8041 3657
8042 4025
8043 -3242
8044 -4466
8045 2581
8046 4678
8047 -2024
8048 -5040
8049 1340
8050 5111
8051 -822
8052 -5282
8053 55
8054 5200
8055 538
8056 -5270
8057 -1274
8058 5068
8059 1817
8060 -4916
8061 -2571
8062 4509
8063 2977
8064 -4177
8065 -3588
8066 3643
8067 4044
8068 -3199
8069 -4544
8070 2572
8071 4658
8072 -2078
8073 -5055
8074 1325
8075 5136
8076 -782
8077 -5280
8078 -9
8079 5259
8080 502
8081 -5287
8082 -1269
8083 4991
8084 1821
8085 -4888
8086 -2579
8087 4504
8088 3006
8089 -4202
8090 -3650
8091 3624
8092 3971
8093 -3184
8094 -4418
8095 2586
8096 4658
8097 -2050
8098 -5001
8099 1320
8100 5121
8101 -772
8102 -5327
8103 42
8104 5250
8105 568
8106 -5237
8107 -1302
8108 4977
8109 1848
8110 -4871
8111 -2565
8112 4476
8113 3011
8114 -4139
8115 -3639
8116 3576
8117 4010
8118 -3184
8119 -4496
8120 2565
8121 4713
8122 -2059
8123 -5045
8124 1354
8125 5127
8126 -757
8127 -5312
8128 37
8129 5288
8130 512
8131 -5333
8132 -1215
8133 5028
8134 1851
8135 -4918
8136 -2530
8137 4474
8138 2986
8139 -4167
8140 -3622
8141 3622
8142 3998
8143 -3229
8144 -4537
8145 2531
8146 4728
8147 -2006
8148 -5075
8149 1327
8150 5194
8151 -717
8152 -5317
8153 88
8154 5216
8155 526
8156 -5211
8157 -1256
8158 5018
8159 1888
8160 -4828
8161 -2520
8162 4499
8163 3061
8164 -4190
8165 -3611
8166 3679
8167 4003
8168 -3166
8169 -4541
8170 2485
8171 4763
8172 -2087
8173 -5060
8174 1328
8175 5144
8176 -748
8177 -5231
8178 -5
8179 5245
8180 582
8181 -5232
8182 -1314
8183 4995
8184 1883
8185 -4822
8186 -2581
8187 4440
8188 3073
8189 -4140
8190 -3650
8191 3617
8192 -702
8193 20
8194 -119
8195 301
8196 -255
8197 -511
8198 885
8199 -508
8200 439
8201 -336
8202 -135
8203 515
8204 1546
8205 480
8206 -25161
8207 -1056
8208 -69
8209 -794
8210 682
8211 353
8212 -20160
8213 -621
8214 194
8215 -52
