    0.10 5223.804995 27288138.625887
    0.20 6339.865695 40193897.028085
    0.30 5759.976525 33177329.568545
    0.40 4963.193460 24633289.324854
    0.50 5927.831152 35139182.166878
    0.60 4795.354888 22995428.504143
    0.70 2296.813352 5275351.575560
    0.80 7040.247892 49565090.379733
    0.90 5365.493934 28788525.158097
    1.00 3910.644288 15293138.750347
    1.10 5671.617635 32167246.599625
    1.20 4634.356383 21477259.086957
    1.30 3628.597745 13166721.596928
    1.40 5969.184409 35631162.509725
    1.50 2883.987875 8317386.063111
    1.60 6245.244220 39003075.368060
    1.70 6187.069555 38279829.676589
    1.80 3550.292638 12604577.818880
    1.90 5559.627437 30909457.242319
    2.00 5860.925371 34350446.201221
    2.10 5198.192991 27021210.367094
    2.20 5193.996628 26977600.971477
    2.30 2938.056962 8632178.712664
    2.40 3273.977647 10718929.630579
    2.50 6459.083256 41719756.512883
    2.60 3476.883805 12088720.996372
    2.70 5242.980019 27488839.481179
    2.80 7191.272135 51714394.920502
    2.90 7344.836770 53946627.179008
    3.00 5765.294143 33238616.556740
    3.10 6602.779900 43596702.411914
    3.20 5744.403512 32998171.706033
    3.30 5489.036521 30129521.928282
    3.40 4984.992281 24850148.041128
    3.50 6818.865515 46496926.909071
    3.60 5719.466569 32712297.837728
    3.70 5036.796217 25369316.131445
    3.80 5347.960199 28600678.289032
    3.90 6113.209180 37371326.481061
    4.00 5638.191219 31789200.223016
    4.10 6384.521899 40762119.882222
    4.20 4360.892256 19017381.266360
    4.30 4051.610065 16415544.119068
    4.40 4590.767733 21075148.381045
    4.50 5129.098299 26307649.363327
    4.60 4604.999082 21206016.548936
    4.70 6925.856115 47967482.930858
    4.80 4736.215409 22431736.396233
    4.90 5787.626863 33496624.704645
    5.00 4039.609493 16318444.853081
    5.10 5109.581900 26107827.190611
    5.20 5423.621866 29415674.149984
    5.30 4499.737833 20247640.566465
    5.40 6242.272888 38965970.804843
    5.50 5361.651411 28747305.848904
    5.60 5643.811781 31852611.413729
    5.70 7065.659960 49923550.677043
    5.80 5998.507620 35982093.664924
    5.90 7406.720420 54859507.379690
    6.00 4355.862772 18973540.484447
    6.10 6810.041266 46376662.044939
    6.20 6543.103346 42812201.392621
    6.30 4918.760433 24194204.197749
    6.40 4707.142024 22157186.037337
    6.50 6916.252372 47834546.879583
    6.60 5889.548720 34686784.119982
    6.70 4749.355217 22556374.973926
    6.80 5596.081746 31316130.909794
    6.90 6058.624877 36706935.405231
    7.00 6455.205910 41669683.337029
    7.10 5187.392215 26909037.989901
    7.20 5847.928642 34198269.398308
    7.30 6568.193324 43141163.537149
    7.40 7446.115398 55444634.520526
    7.50 6456.734557 41689421.139962
    7.60 3960.901494 15688740.646638
    7.70 5430.756461 29493115.742283
    7.80 4950.198124 24504461.469441
    7.90 4722.124593 22298460.676004
    8.00 5706.916339 32568894.097935
    8.10 5333.907704 28450571.391244
    8.20 5466.751153 29885368.166289
    8.30 5088.861256 25896508.880067
    8.40 3371.751404 11368707.528533
    8.50 6490.488781 42126444.611411
    8.60 7580.036109 57456947.409804
    8.70 6694.185411 44812118.316486
    8.80 5641.816469 31830093.067358
    8.90 6884.646924 47398363.266440
    9.00 5766.379014 33251126.934267
    9.10 6677.773376 44592657.262833
    9.20 5314.071478 28239355.668794
    9.30 5308.229809 28177303.709102
    9.40 6910.057371 47748892.870783
    9.50 9240.189785 85381107.269822
    9.60 7326.934557 53683970.005621
    9.70 5199.722325 27037112.255652
    9.80 6336.801382 40155051.752344
    9.90 7305.015710 53363254.528466
   10.00 5640.339760 31813432.604953
   10.10 6239.758125 38934581.458595
   10.20 7493.662002 56154970.195591
   10.30 5749.419316 33055822.468239
   10.40 6619.792039 43821646.634680
   10.50 8176.891445 66861553.703359
   10.60 5757.016962 33143244.305288
   10.70 5600.142872 31361600.183977
   10.80 6792.834742 46142603.834361
   10.90 6112.558592 37363372.538314
   11.00 5719.461767 32712242.907271
   11.10 7267.263636 52813120.760483
   11.20 6446.953967 41563215.447824
   11.30 4917.938479 24186118.884839
   11.40 4784.417224 22890648.174868
   11.50 7661.076250 58692089.315335
   11.60 6435.248164 41412418.930315
   11.70 7901.713725 62437079.792645
   11.80 6276.126700 39389766.355091
   11.90 6321.968701 39967288.259448
   12.00 6498.559033 42231269.503384
   12.10 6613.495872 43738327.649310
   12.20 6535.058405 42706988.361998
   12.30 6840.856208 46797313.655637
   12.40 7784.982806 60605957.288249
   12.50 5644.002359 31854762.632362
   12.60 7292.772247 53184527.046646
   12.70 5888.858709 34678656.899118
   12.80 6448.340354 41581093.315208
   12.90 6742.595589 45462595.274097
   13.00 6112.290381 37360093.700493
   13.10 9443.658721 89182690.047100
   13.20 7498.123605 56221857.600641
   13.30 7857.897241 61746549.050381
   13.40 7686.414472 59080967.440879
   13.50 6377.678327 40674780.836951
   13.60 7045.356076 49637042.243134
   13.70 5244.357171 27503282.132152
   13.80 7079.518203 50119577.992591
   13.90 5114.904869 26162251.815520
   14.00 5332.458675 28435115.525868
   14.10 5988.399705 35860931.030270
   14.20 8031.281993 64501490.444059
   14.30 6994.257029 48919631.390813
   14.40 9680.881640 93719469.334138
   14.50 7963.017765 63409651.931496
   14.60 7659.363404 58665847.757205
   14.70 7858.201840 61751336.151712
   14.80 7212.747031 52023719.731257
   14.90 6075.707878 36914226.222159
   15.00 5203.706458 27078560.905855
   15.10 8102.994854 65658525.601213
   15.20 7548.530551 56980313.481664
   15.30 7209.299375 51973997.480564
   15.40 10637.640728 113159400.268307
   15.50 9350.691625 87435433.871369
   15.60 9215.826773 84931463.104719
   15.70 6697.129515 44851543.741214
   15.80 8419.155243 70882174.999890
   15.90 8696.095820 75622082.518730
   16.00 7553.582981 57056615.856361
   16.10 9315.427994 86777198.712409
   16.20 8826.655136 77909840.892915
   16.30 6001.037077 36012445.994014
   16.40 9097.140571 82757966.568523
   16.50 10487.003322 109977238.672183
   16.60 8811.847086 77648649.073164
   16.70 7733.744626 59810805.947818
   16.80 8659.177862 74981361.249387
   16.90 6815.902796 46456530.924754
   17.00 9393.081795 88229985.602117
   17.10 8420.597123 70906455.912560
   17.20 8244.185189 67966589.428631
   17.30 11196.372833 125358764.617872
   17.40 11297.602669 127635826.060419
   17.50 10346.794228 107056150.801055
   17.60 12192.919081 148667275.714718
   17.70 9613.337087 92416249.943697
   17.80 11446.540139 131023281.152719
   17.90 11205.511480 125563487.526666
   18.00 10592.047733 112191475.175979
   18.10 10150.953118 103041849.203335
   18.20 12982.430390 168543498.832584
   18.30 11781.190735 138796455.129771
   18.40 8577.200498 73568368.388369
   18.50 10570.578367 111737127.010123
   18.60 13234.744471 175158461.212679
   18.70 9372.288733 87839796.096693
   18.80 10610.614612 112585142.446287
   18.90 10953.216791 119972958.062512
   19.00 17981.582584 323337312.211168
   19.10 9594.015434 92045132.154009
   19.20 11150.470380 124332989.703097
   19.30 15233.503838 232059639.181486
   19.40 14108.366551 199046006.729090
   19.50 14131.413227 199696839.780158
   19.60 12228.775425 149542948.399218
   19.70 13906.105829 193379779.338556
   19.80 12471.831391 155546578.240902
   19.90 15675.689553 245727242.965309
   20.00 16350.007158 267322734.068545
   20.10 13886.377774 192831487.669173
   20.20 17505.173139 306431086.632386
   20.30 14425.781680 208103177.066149
   20.40 17294.065072 299084686.709036
   20.50 16583.457296 275011055.879656
   20.60 15777.435487 248927470.544256
   20.70 10715.093619 114813231.272982
   20.80 18006.776259 324243991.241429
   20.90 20599.177247 424326103.251298
   21.00 23893.286386 570889134.332398
   21.10 23741.649800 563665935.214777
   21.20 24515.006638 600985550.480554
   21.30 26707.576352 713294634.593958
   21.40 28064.572289 787620217.751007
   21.50 24452.856409 597942186.582017
   21.60 30961.495711 958614216.636135
   21.70 33431.912837 1117692795.928770
   21.80 32642.907584 1065559415.511271
   21.90 30974.235877 959403288.145005
   22.00 35806.500363 1282105468.267025
   22.10 44758.679084 2003339353.365664
   22.20 49857.053885 2485725822.043017
   22.30 54483.591003 2968461688.625714
   22.40 61042.841956 3726228554.117085
   22.50 82498.670319 6806030604.331409
   22.60 95808.039731 9179180477.140167
   22.70 129380.247776 16739248514.470461
   22.80 172801.160640 29860241118.632359
   22.90 328059.361247 107622944502.062485
   23.00 2975094.991108 8851190206116.837891
   23.10 -411091.719156 168996401558.878937
   23.20 -206459.118415 42625367576.640083
   23.30 -129221.941810 16698310245.040926
   23.40 -88903.422676 7903818563.511918
   23.50 -75139.096759 5645883861.796709
   23.60 -61340.855150 3762700510.505823
   23.70 -51723.454847 2675315781.290031
   23.80 -46033.543737 2119087148.965135
   23.90 -37578.543079 1412146899.951768
   24.00 -35867.951254 1286509927.177395
   24.10 -33704.300141 1135979847.993543
   24.20 -36481.784613 1330920608.514500
   24.30 -27663.832129 765287608.088600
   24.40 -28566.538080 816047097.868948
   24.50 -21617.133232 467300449.178675
   24.60 -18030.947358 325115062.622239
   24.70 -24853.387841 617690887.188155
   24.80 -19515.695883 380862385.782122
   24.90 -14962.223733 223868139.045277
   25.00 -12648.750117 159990879.526795
   25.10 -11698.754235 136860850.656904
   25.20 -12450.399199 155012440.203676
   25.30 -10364.594108 107424811.017877
   25.40 -13270.871553 176116031.764726
   25.50 -13090.487948 171360874.713657
   25.60 -12258.900711 150280646.638287
   25.70 -13582.671050 184488952.854441
   25.80 -12222.184889 149381803.455580
   25.90 -9489.949582 90059143.061332
   26.00 -9510.982206 90458782.524356
   26.10 -7602.338387 57795548.947906
   26.20 -9901.561919 98040928.439835
   26.30 -8117.089937 65887149.052570
   26.40 -7821.493494 61175760.482399
   26.50 -9738.507941 94838536.914021
   26.60 -6202.109522 38466162.528818
   26.70 -9366.061820 87723114.019382
   26.80 -10685.033989 114169951.339716
   26.90 -11119.882919 123651796.140336
   27.00 21565.323194 465063164.472156
   27.10 -1330.121596 1769223.460242
   27.20 -4085.772001 16693532.845668
   27.30 -3260.637804 10631758.885765
   27.40 -3757.004750 14115084.689002
   27.50 -5472.451742 29947728.068858
   27.60 -4683.976475 21939635.614668
   27.70 -3600.882742 12966356.520548
   27.80 -4004.710369 16037705.135926
   27.90 -4371.273465 19108031.708698
   28.00 -5383.996512 28987418.441104
   28.10 -4604.563637 21202006.288932
   28.20 -3113.871997 9696198.811628
   28.30 -4393.969543 19306968.341961
   28.40 -5428.363386 29467129.054863
   28.50 -5135.744362 26375870.155380
   28.60 -3331.905149 11101591.919283
   28.70 -5053.348853 25536334.628384
   28.80 -3403.889911 11586466.525435
   28.90 -4913.166537 24139205.420698
   29.00 -2988.827829 8933091.791373
   29.10 -4205.379289 17685214.966093
   29.20 -1872.180920 3505061.396149
   29.30 -3494.944948 12214640.186639
   29.40 -913.703643 834854.347261
   29.50 -4519.284981 20423936.741829
   29.60 -3668.703344 13459384.223424
   29.70 -2705.326136 7318789.501136
   29.80 -3702.467586 13708266.226393
   29.90 -2923.749744 8548312.563564
   30.00 -2975.727844 8854956.202578
   30.10 -1732.866632 3002826.763956
   30.20 -916.523489 840015.305329
   30.30 -2996.382569 8978308.497531
   30.40 -3590.015311 12888209.936110
   30.50 -2511.101651 6305631.501645
   30.60 184.630807 34088.534880
   30.70 -2421.744882 5864848.271117
   30.80 -2506.525285 6282669.005922
   30.90 -3979.860194 15839287.160242
   31.00 -1453.232953 2111886.015068
   31.10 -2480.099864 6150895.336405
   31.20 -2080.264182 4327499.068988
   31.30 -1564.741377 2448415.577435
   31.40 -1869.825205 3496246.297092
   31.50 -2080.786452 4329672.260455
   31.60 -1679.726077 2821479.693298
   31.70 -142.940151 20431.886806
   31.80 -513.547478 263731.012135
   31.90 -2305.893806 5317146.245935
   32.00 120.041343 14409.924124
   32.10 -1136.491349 1291612.585228
   32.20 -1265.129302 1600552.149903
   32.30 -1012.119937 1024386.766490
   32.40 -631.315927 398559.799383
   32.50 -1862.835876 3470157.502249
   32.60 -1323.414908 1751427.019119
   32.70 -741.705429 550126.942801
   32.80 -1110.373779 1232929.928078
   32.90 -1507.097388 2271342.535641
   33.00 -1025.224622 1051085.526158
   33.10 217.020063 47097.707951
   33.20 -208.640362 43530.800770
   33.30 -104.724992 10967.324048
   33.40 1200.077653 1440186.374260
   33.50 -2510.790678 6304069.830238
   33.60 -1668.766137 2784780.418423
   33.70 -2169.706725 4707627.271326
   33.80 -4158.796128 17295585.236861
   33.90 -2201.400696 4846165.024692
   34.00 -887.567117 787775.387493
   34.10 460.022506 211620.706423
   34.20 -1353.199796 1831149.686821
   34.30 -145.415633 21145.706461
   34.40 900.003380 810006.084492
   34.50 513.998326 264194.279023
   34.60 -138.194838 19097.813289
   34.70 466.848010 217947.064709
   34.80 -616.403840 379953.693781
   34.90 -1068.011490 1140648.543276
   35.00 394.482443 155616.397847
   35.10 -2600.836398 6764349.967069
   35.20 104.414788 10902.447984
   35.30 -224.167307 50250.981719
   35.40 -121.901883 14860.069138
   35.50 -813.790016 662254.190594
   35.60 -1004.857887 1009739.372899
   35.70 -173.279259 30025.701499
   35.80 425.393658 180959.764002
   35.90 855.014295 731049.445060
   36.00 -438.288918 192097.175989
   36.10 -78.012836 6086.002520
   36.20 143.333737 20544.560155
   36.30 457.984063 209749.402336
   36.40 -1621.019837 2627705.312658
   36.50 -570.207283 325136.345933
   36.60 991.689972 983449.000569
   36.70 -141.865968 20125.952868
   36.80 -772.315549 596471.307209
   36.90 1312.481008 1722606.397514
   37.00 923.017639 851961.561303
   37.10 126.450678 15989.774045
   37.20 2033.465264 4134980.981004
   37.30 -689.828785 475863.752004
   37.40 -1408.065247 1982647.740689
   37.50 1834.192858 3364263.440997
   37.60 954.790639 911625.164034
   37.70 -2393.306290 5727914.999304
   37.80 719.094038 517096.235653
   37.90 -21.131079 446.522503
   38.00 1007.530754 1015118.220053
   38.10 1086.404226 1180274.141890
   38.20 1515.991476 2298230.155434
   38.30 -1806.622835 3263886.068982
   38.40 -480.432124 230815.025453
   38.50 254.051731 64542.282141
   38.60 166.788278 27818.329598
   38.70 152.574019 23278.831217
   38.80 -1661.307458 2759942.469869
   38.90 865.876761 749742.564507
   39.00 2784.818240 7755212.629761
   39.10 -713.729148 509409.296145
   39.20 -209.889826 44053.738932
   39.30 436.603755 190622.838680
   39.40 1370.539244 1878377.819343
   39.50 1070.255786 1145447.446657
   39.60 -348.744918 121623.017490
   39.70 2685.860933 7213848.953875
   39.80 57.492032 3305.333754
   39.90 1631.389790 2661432.647628
   40.00 3257.280506 10609876.291843
   40.10 1549.728861 2401659.541576
   40.20 -1641.554321 2694700.587549
   40.30 -115.955589 13445.698562
   40.40 -668.392082 446747.975481
   40.50 784.501570 615442.712652
   40.60 1767.930805 3125579.331108
   40.70 2515.776069 6329129.228001
   40.80 -502.440756 252446.713609
   40.90 1248.616594 1559043.399857
   41.00 1946.324065 3788177.367459
   41.10 3308.296419 10944825.197533
   41.20 -243.698114 59388.770556
   41.30 1267.485181 1606518.684216
   41.40 -1431.809468 2050078.352139
   41.50 1265.049834 1600351.083380
   41.60 1202.892921 1446951.380300
   41.70 1745.030791 3045132.460616
   41.80 -586.822802 344361.001220
   41.90 1516.990155 2301259.130460
   42.00 -247.859448 61434.306122
   42.10 1023.526201 1047605.884292
   42.20 1986.961708 3948016.828726
   42.30 1118.522510 1251092.604477
   42.40 916.810935 840542.290051
   42.50 -1221.013792 1490874.680672
   42.60 -226.991564 51525.170102
   42.70 -549.187199 301606.579322
   42.80 1005.703974 1011440.483982
   42.90 1823.004624 3323345.857861
   43.00 167.038822 27901.968019
   43.10 590.931736 349200.316740
   43.20 1151.765835 1326564.538291
   43.30 1697.824027 2882606.428103
   43.40 528.591214 279408.671792
   43.50 342.162926 117075.467613
   43.60 1642.761616 2698665.728206
   43.70 -65.661966 4311.493838
   43.80 3082.034272 9498935.253002
   43.90 -688.264873 473708.535655
   44.00 520.095580 270499.412033
   44.10 -73.861945 5455.586922
   44.20 -739.001065 546122.573897
   44.30 2557.976315 6543242.826410
   44.40 711.771696 506618.947880
   44.50 350.734145 123014.440434
   44.60 2487.408395 6187200.521282
   44.70 310.672779 96517.575536
   44.80 -432.833765 187345.067839
   44.90 -686.409557 471158.079541
   45.00 412.254557 169953.819999
   45.10 2316.189588 5364734.205786
   45.20 470.129903 221022.125772
   45.30 465.700952 216877.376538
   45.40 4059.885936 16482673.812315
   45.50 693.900584 481498.020894
   45.60 2493.592218 6218002.149879
   45.70 1616.265895 2612315.444293
   45.80 -45.767200 2094.636568
   45.90 1276.751944 1630095.525910
   46.00 3994.468082 15955775.256393
   46.10 -483.564571 233834.694569
   46.20 -2597.981813 6749509.501689
   46.30 -412.445422 170111.226373
   46.40 639.466265 408917.103618
   46.50 2856.249332 8158160.245540
   46.60 429.677014 184622.336745
   46.70 -431.545635 186231.635310
   46.80 -145.245561 21096.272850
   46.90 775.075427 600741.918058
   47.00 1561.886946 2439490.833446
   47.10 1784.314297 3183777.509667
   47.20 -704.940048 496940.471723
   47.30 -802.027511 643248.128116
   47.40 885.152574 783495.079463
   47.50 338.154216 114348.273971
   47.60 2114.420242 4470772.959066
   47.70 2478.067056 6140816.335220
   47.80 1746.742690 3051110.026576
   47.90 1922.175120 3694757.192490
   48.00 1729.535426 2991292.791042
   48.10 -657.496809 432302.053402
   48.20 1628.357804 2651549.136767
   48.30 538.986495 290506.441995
   48.40 3351.320703 11231350.453909
   48.50 1309.933690 1715926.271032
   48.60 1024.404390 1049404.354636
   48.70 -133.995877 17954.894975
   48.80 995.077624 990179.478619
   48.90 2479.756639 6149192.989946
   49.00 15.203091 231.133980
   49.10 -21.974837 482.893444
   49.20 195.019111 38032.453474
   49.30 1917.550674 3677000.588188
   49.40 2440.603382 5956544.870587
   49.50 78.068359 6094.668732
   49.60 -1735.133184 3010687.167538
   49.70 1133.477961 1284772.289125
   49.80 3000.822107 9004933.317245
   49.90 1920.486462 3688268.251095
   50.00 1396.046185 1948944.949754
   50.10 945.562662 894088.748665
   50.20 1556.361692 2422261.715475
   50.30 1175.131565 1380934.194258
   50.40 3169.890705 10048207.081431
   50.50 1443.969334 2085047.436319
   50.60 4011.502570 16092152.872510
   50.70 -633.152757 400882.414043
   50.80 2661.692229 7084605.523577
   50.90 1260.560647 1589013.143630
   51.00 1968.832276 3876300.530279
   51.10 543.468971 295358.522267
   51.20 1823.002347 3323337.557594
   51.30 1637.905581 2682734.692504
   51.40 -1765.259281 3116140.328946
   51.50 1275.753664 1627547.411060
   51.60 2008.920293 4035760.742461
   51.70 185.095950 34260.510799
   51.80 868.422153 754157.035128
   51.90 -410.860826 168806.618224
   52.00 378.183172 143022.511707
   52.10 4746.434424 22528639.739107
   52.20 -1729.863741 2992428.561593
   52.30 788.545469 621803.956566
   52.40 671.447338 450841.527441
   52.50 153.997168 23715.127746
   52.60 -278.507111 77566.210889
   52.70 1586.874113 2518169.451936
   52.80 4011.752095 16094154.875439
   52.90 1711.755828 2930108.013308
   53.00 1364.726555 1862478.569611
   53.10 -92.517287 8559.448485
   53.20 -904.478597 818081.532527
   53.30 1920.440856 3688093.080761
   53.40 823.691271 678467.310046
   53.50 502.263827 252268.951685
   53.60 2390.255754 5713322.567722
   53.70 944.344958 891787.400413
   53.80 1021.044254 1042531.369016
   53.90 1149.392727 1321103.641133
   54.00 824.293422 679459.646108
   54.10 1712.583010 2932940.567467
   54.20 3605.321785 12998345.175699
   54.30 751.124614 564188.185429
   54.40 27.351490 748.104011
   54.50 2290.399306 5245928.980351
   54.60 618.351751 382358.888553
   54.70 770.912149 594305.541853
   54.80 513.127249 263299.573316
   54.90 -107.580143 11573.487250
   55.00 189.237251 35810.737054
   55.10 520.344393 270758.286994
   55.20 1777.338512 3158932.187872
   55.30 143.981294 20730.613067
   55.40 -3044.620394 9269713.346385
   55.50 1142.054068 1304287.493433
   55.60 146.245685 21387.800499
   55.70 581.676251 338347.261025
   55.80 314.415965 98857.399077
   55.90 2421.011820 5861298.231415
   56.00 2618.882439 6858545.230487
   56.10 3217.166121 10350157.847789
   56.20 461.431677 212919.192469
   56.30 2178.298677 4744985.127037
   56.40 609.683065 371713.439858
   56.50 -1166.953396 1361780.228490
   56.60 1594.734093 2543176.827531
   56.70 1072.960050 1151243.268208
   56.80 1267.428238 1606374.338054
   56.90 4.061677 16.497222
   57.00 1444.532807 2086675.029651
   57.10 2584.941940 6681924.833752
   57.20 1932.767926 3735591.854201
   57.30 -1389.545404 1930836.430462
   57.40 1303.857835 1700045.253281
   57.50 495.194962 245218.050171
   57.60 3666.685154 13444580.015912
   57.70 3728.886271 13904592.820565
   57.80 562.709410 316641.879929
   57.90 990.942551 981967.139370
   58.00 989.652744 979412.554214
   58.10 962.089052 925615.344878
   58.20 675.941685 456897.161730
   58.30 2189.808634 4795261.851678
   58.40 -907.167172 822952.277547
   58.50 511.698009 261834.851972
   58.60 2118.682905 4488817.251972
   58.70 -395.036507 156053.842233
   58.80 787.683936 620445.982343
   58.90 1181.647035 1396289.715913
   59.00 3176.216903 10088353.815718
   59.10 -521.923946 272404.605668
   59.20 2624.426728 6887615.651515
   59.30 -576.183077 331986.937834
   59.40 654.691022 428620.334715
   59.50 2813.001127 7912975.339578
   59.60 1160.763833 1347372.676775
   59.70 501.199989 251201.428683
   59.80 2343.818832 5493486.717606
   59.90 2047.141589 4190788.683895
   60.00 1178.698677 1389330.570436
   60.10 910.513788 829035.358330
   60.20 1465.899172 2148860.382176
   60.30 -581.125221 337706.522580
   60.40 875.905187 767209.897292
   60.50 1270.296758 1613653.853245
   60.60 -320.058096 102437.184582
   60.70 4339.754939 18833472.929258
   60.80 2754.508763 7587318.527275
   60.90 1482.540515 2197926.379048
   61.00 2234.921918 4994875.979013
   61.10 2277.703414 5187932.842061
   61.20 828.939682 687140.996892
   61.30 -779.974910 608360.859628
   61.40 65.626762 4306.871913
   61.50 3937.068340 15500507.117113
   61.60 442.701292 195984.433901
   61.70 2817.422813 7937871.307387
   61.80 1032.959598 1067005.530498
   61.90 2514.450039 6322458.998380
   62.00 1776.400456 3155598.581672
   62.10 2052.826728 4214097.573841
   62.20 805.777068 649276.683242
   62.30 3271.668941 10703817.659727
   62.40 956.821292 915506.984321
   62.50 662.000000 438244.000000
   62.60 14.348188 205.870510
   62.70 2227.629037 4962331.125853
   62.80 203.948084 41594.820787
   62.90 -44.557438 1985.365288
   63.00 2446.837847 5987015.450689
   63.10 1213.417609 1472382.294806
   63.20 2264.536736 5128126.627274
   63.30 -140.826990 19832.241022
   63.40 -422.344503 178374.879246
   63.50 1666.225868 2776308.641594
   63.60 1641.944784 2695982.675024
   63.70 1850.143454 3423030.802196
   63.80 3830.305019 14671236.537619
   63.90 -420.649537 176946.032968
   64.00 799.360048 638976.485845
   64.10 2325.914085 5409876.333070
   64.20 1717.980538 2951457.128933
   64.30 1666.546069 2777375.800989
   64.40 1896.482687 3596646.583646
   64.50 1736.597562 3015771.093160
   64.60 68.557990 4700.198032
   64.70 6466.682295 41817979.899143
   64.80 1358.907092 1846628.485393
   64.90 463.941458 215241.676023
   65.00 1169.682341 1368156.779139
   65.10 2079.785155 4325506.290962
   65.20 1956.768996 3828944.901762
   65.30 1135.734160 1289892.082246
   65.40 2507.775027 6288935.587961
   65.50 2916.075039 8503493.631924
   65.60 2253.636211 5078876.173177
   65.70 3642.803321 13270016.038629
   65.80 671.087171 450357.991151
   65.90 2016.014853 4064315.889165
   66.00 1512.275769 2286978.002279
   66.10 1424.767253 2029961.725403
   66.20 710.737588 505147.919419
   66.30 1419.085331 2013803.175629
   66.40 -278.764813 77709.821064
   66.50 1718.693272 2953906.564356
   66.60 3161.618037 9995828.612151
   66.70 3023.462735 9141326.909177
   66.80 1275.885308 1627883.318493
   66.90 3278.424265 10748065.663426
   67.00 3695.633385 13657706.114812
   67.10 3304.538207 10919972.764709
   67.20 1088.908952 1185722.705678
   67.30 2392.064219 5721971.229692
   67.40 2553.959512 6522709.186663
   67.50 -511.823371 261963.162756
   67.60 2421.034045 5861405.847782
   67.70 1683.275587 2833416.701675
   67.80 836.857037 700329.700590
   67.90 1796.778566 3228413.213910
   68.00 -203.333652 41344.573976
   68.10 1755.818761 3082899.521745
   68.20 2123.319779 4508486.882381
   68.30 467.480509 218538.026396
   68.40 2289.459365 5241624.185270
   68.50 884.658959 782621.473206
   68.60 -540.906510 292579.852182
   68.70 627.527331 393790.551585
   68.80 553.445086 306301.463695
   68.90 964.276261 929828.708226
   69.00 779.393653 607454.466691
   69.10 317.827050 101014.033706
   69.20 2770.446037 7675371.243469
   69.30 1109.891027 1231858.092076
   69.40 2256.327701 5091014.695763
   69.50 1087.132292 1181856.619822
   69.60 2080.142044 4326990.924803
   69.70 3734.238982 13944540.776816
   69.80 1476.607690 2180370.269669
   69.90 2549.788273 6501420.236911
   70.00 950.353119 903171.051426
   70.10 2148.914101 4617831.812860
   70.20 2430.325477 5906481.923179
   70.30 2049.088708 4198764.533468
   70.40 2718.960883 7392748.282638
   70.50 -522.167984 272659.403890
   70.60 2138.757946 4574285.550319
   70.70 2726.905266 7436012.328389
   70.80 2346.797436 5507458.205035
   70.90 72.434729 5246.789969
   71.00 2795.257902 7813466.736180
   71.10 1500.580840 2251742.857452
   71.20 2892.961677 8369227.262439
   71.30 4058.504168 16471456.077850
   71.40 3899.968728 15209756.075867
   71.50 2002.931896 4011736.181645
   71.60 2266.194113 5135635.756773
   71.70 3533.751816 12487401.894992
   71.80 1300.431122 1691121.103316
   71.90 2849.178554 8117818.433276
   72.00 2698.692231 7282939.759035
   72.10 509.151843 259235.599336
   72.20 2516.554839 6333048.256124
   72.30 -269.885471 72838.167530
   72.40 2239.760966 5016529.186630
   72.50 2455.133493 6027680.467500
   72.60 4685.149494 21950625.784462
   72.70 3842.445295 14764385.845837
   72.80 3061.574796 9373240.229544
   72.90 5745.156554 33006823.825533
   73.00 39983.813253 1598705322.282042
   73.10 -3112.229323 9685971.359156
   73.20 -2250.657766 5065460.381335
   73.30 -796.928717 635095.380320
   73.40 -176.882426 31287.392522
   73.50 1988.299576 3953335.204859
   73.60 479.953651 230355.507315
   73.70 2373.347512 5632778.411451
   73.80 -370.184335 137036.441684
   73.90 717.721978 515124.837760
   74.00 -358.343419 128410.006240
   74.10 2263.093883 5121593.922845
   74.20 615.200900 378472.146915
   74.30 2499.552924 6247764.821229
   74.40 -815.132737 664441.379474
   74.50 433.041151 187524.638401
   74.60 3200.243072 10241555.720499
   74.70 383.189233 146833.988266
   74.80 3041.279637 9249381.832324
   74.90 531.249894 282226.450149
   75.00 2819.250117 7948171.223205
   75.10 1838.877360 3381469.945926
   75.20 3335.033782 11122450.329442
   75.30 760.747221 578736.334229
   75.40 995.788762 991595.258077
   75.50 448.150381 200838.763811
   75.60 723.741183 523801.300596
   75.70 -652.670491 425978.770010
   75.80 1867.049004 3485871.984448
   75.90 115.038189 13233.784989
   76.00 -1045.011479 1092048.990707
   76.10 1741.192767 3031752.253487
   76.20 539.134658 290666.179467
   76.30 1548.742811 2398604.295875
   76.40 1259.997609 1587593.973904
   76.50 494.867471 244893.813672
   76.60 1381.476943 1908478.544414
   76.70 384.857896 148115.600281
   76.80 31.410325 986.608522
   76.90 1610.090334 2592390.884557
   77.00 4173.374358 17417053.532922
   77.10 -481.184142 231538.178947
   77.20 1126.305710 1268564.551337
   77.30 2460.892876 6055993.749499
   77.40 2531.754272 6409779.692623
   77.50 426.221724 181664.957753
   77.60 1049.718659 1101909.263136
   77.70 899.617149 809311.013980
   77.80 1788.691487 3199417.237008
   77.90 207.153684 42912.648872
   78.00 2161.569944 4672384.623755
   78.10 2207.931110 4874959.785440
   78.20 410.651676 168634.798612
   78.30 2664.662967 7100428.728128
   78.40 1780.917989 3171668.884256
   78.50 1118.116501 1250184.510746
   78.60 1363.503510 1859141.822035
   78.70 1750.574516 3064511.136432
   78.80 1790.621804 3206326.445955
   78.90 3228.506930 10423256.994501
   79.00 1318.984379 1739719.793363
   79.10 3206.801180 10283573.808767
   79.20 2253.249307 5077132.440889
   79.30 456.527759 208417.595071
   79.40 2287.999386 5234941.192520
   79.50 2677.208961 7167447.822936
   79.60 2514.486796 6322643.847373
   79.70 1661.891561 2761883.561757
   79.80 79.996073 6399.371641
   79.90 1143.653228 1307942.706579
   80.00 1901.564089 3615945.986169
   80.10 3116.492992 9712528.566571
   80.20 799.439390 639103.337696
   80.30 1506.648564 2269989.894235
   80.40 3162.235264 9999731.863559
   80.50 -500.235441 250235.496597
   80.60 1243.697901 1546784.469797
   80.70 947.485244 897728.287062
   80.80 992.348564 984755.672872
   80.90 2540.058570 6451897.539475
   81.00 3110.310679 9674032.521462
   81.10 721.011672 519857.830529
   81.20 2231.149899 4978029.872174
   81.30 3031.432937 9189585.649676
   81.40 1206.575700 1455824.920653
   81.50 -663.758759 440575.689661
   81.60 3234.424600 10461502.495221
   81.70 2850.566873 8125731.495118
   81.80 1982.800931 3931499.532800
   81.90 -858.987613 737859.719441
   82.00 -894.384457 799923.556891
   82.10 50.829129 2583.600334
   82.20 2107.295726 4440695.277481
   82.30 3218.166097 10356593.029743
   82.40 1605.515350 2577679.540606
   82.50 1956.411864 3827547.382546
   82.60 1989.101525 3956524.875764
   82.70 1829.576803 3347351.276399
   82.80 1180.823993 1394345.302906
   82.90 -44.055628 1940.898321
   83.00 1246.483465 1553721.027397
   83.10 3324.459585 11052031.532717
   83.20 664.682033 441802.205298
   83.30 553.153560 305978.860629
   83.40 -1371.353731 1880611.054682
   83.50 -257.267171 66186.397047
   83.60 2694.671039 7261252.010109
   83.70 1692.176065 2863459.835677
   83.80 1146.014345 1313348.878942
   83.90 -1133.633593 1285125.122977
   84.00 -63.720537 4060.306772
   84.10 1724.388411 2973515.392940
   84.20 2475.730252 6129240.282538
   84.30 3253.975000 10588353.299457
   84.40 2049.260831 4199469.951493
   84.50 2283.488781 5214321.011039
   84.60 3381.124815 11432005.014754
   84.70 -1470.669629 2162869.158327
   84.80 2486.635541 6183356.311641
   84.90 3169.877713 10048124.716782
   85.00 1102.385401 1215253.573227
   85.10 2411.499460 5815329.644838
   85.20 1016.171701 1032604.926533
   85.30 1462.288587 2138287.910525
   85.40 1784.007180 3182681.617268
   85.50 1244.082136 1547740.360533
   85.60 521.708809 272180.081668
   85.70 647.067046 418695.762565
   85.80 -405.162009 164156.253411
   85.90 2986.429571 8918761.580710
   86.00 -68.945887 4753.535272
   86.10 1090.595181 1189397.849872
   86.20 1106.545982 1224444.009493
   86.30 1813.716893 3289568.969067
   86.40 1935.247093 3745181.310480
   86.50 -930.631434 866074.865709
   86.60 531.146120 282116.200623
   86.70 1518.024420 2304398.138758
   86.80 -76.942741 5920.185424
   86.90 1580.664232 2498499.415603
   87.00 1785.401785 3187659.532713
   87.10 2462.142751 6062146.925733
   87.20 1267.233057 1605879.621293
   87.30 1427.824022 2038681.438321
   87.40 1594.774819 2543306.724333
   87.50 1204.255792 1450232.012871
   87.60 1813.912042 3290276.895961
   87.70 891.649820 795039.400742
   87.80 255.012532 65031.391622
   87.90 2341.833315 5484183.276835
   88.00 2970.074867 8821344.718433
   88.10 2205.600158 4864672.057184
   88.20 1448.052234 2096855.271709
   88.30 3152.627052 9939057.326548
   88.40 603.867651 364656.140170
   88.50 2401.388683 5766667.609030
   88.60 2130.163192 4537595.223518
   88.70 2302.327240 5300710.722001
   88.80 1931.971718 3732514.718428
   88.90 1253.713447 1571797.408063
   89.00 2017.965767 4072185.838347
   89.10 1551.300715 2406533.906972
   89.20 3499.903768 12249326.383396
   89.30 2665.335000 7104010.664767
   89.40 1716.157567 2945196.796423
   89.50 2107.144249 4440056.885832
   89.60 1844.861775 3403514.967571
   89.70 2431.618201 5912767.075658
   89.80 649.493244 421841.473797
   89.90 2823.457172 7971910.404632
   90.00 2208.737749 4878522.445032
   90.10 3031.678870 9191076.772842
   90.20 1697.358978 2881027.500854
   90.30 1867.740645 3488455.115539
   90.40 3465.908993 12012525.144907
   90.50 2144.297047 4598009.827893
   90.60 4012.339802 16098870.687495
   90.70 2251.136922 5067617.441519
   90.80 768.744778 590968.534067
   90.90 912.925583 833433.119774
   91.00 1348.973397 1819729.225238
   91.10 1981.678952 3927051.468989
   91.20 364.703314 133008.507243
   91.30 1750.914409 3065701.267591
   91.40 1858.760538 3454990.738447
   91.50 1975.666998 3903260.088516
   91.60 1850.517195 3424413.887654
   91.70 1661.299677 2759916.618457
   91.80 2382.842430 5677938.047346
   91.90 3038.785366 9234216.502883
   92.00 1498.447630 2245345.298574
   92.10 3125.419380 9768246.300421
   92.20 1158.595604 1342343.773654
   92.30 3033.493276 9202081.457840
   92.40 -636.428318 405041.003599
   92.50 2610.736231 6815943.668826
   92.60 -659.769477 435295.763027
   92.70 2332.931936 5442571.418753
   92.80 320.581885 102772.745231
   92.90 3947.212095 15580483.323191
   93.00 3152.239291 9936612.548478
   93.10 942.820754 888910.974762
   93.20 1443.484945 2083648.786674
   93.30 775.191197 600921.392241
   93.40 1976.345972 3905943.402938
   93.50 2357.217166 5556472.765559
   93.60 775.124688 600818.282077
   93.70 2300.494601 5292275.407862
   93.80 1874.759660 3514723.783244
   93.90 345.836069 119602.586457
   94.00 2381.800705 5672974.596256
   94.10 1229.334971 1511264.469911
   94.20 -225.228949 50728.079678
   94.30 747.859413 559293.701935
   94.40 274.800853 75515.508776
   94.50 1048.605255 1099572.980557
   94.60 1544.554590 2385648.880921
   94.70 591.886071 350329.120883
   94.80 3065.533254 9397494.133745
   94.90 951.133262 904654.482280
   95.00 2822.646558 7967333.590037
   95.10 1375.423465 1891789.707360
   95.20 -382.749705 146497.336548
   95.30 -1227.627583 1507069.483119
   95.40 2717.926659 7387125.322266
   95.50 2843.542282 8085732.708788
   95.60 3120.417836 9737007.470283
   95.70 1561.225219 2437424.183057
   95.80 2167.178340 4696661.956982
   95.90 1238.719086 1534424.975031
   96.00 592.379173 350913.084103
   96.10 2834.789045 8036028.926916
   96.20 700.820845 491149.857236
   96.30 327.895003 107515.132926
   96.40 1241.372107 1541004.708439
   96.50 2750.560404 7565582.535750
   96.60 2995.418562 8972532.359936
   96.70 2550.533510 6505221.186432
   96.80 2987.825791 8927102.955346
   96.90 1216.511960 1479901.349860
   97.00 246.395858 60710.918702
   97.10 3063.580092 9385522.982576
   97.20 1219.929839 1488228.812277
   97.30 1778.451185 3162888.617701
   97.40 2061.000764 4247724.150487
   97.50 1708.446051 2918787.909476
   97.60 3075.027608 9455794.792362
   97.70 53.323853 2843.433288
   97.80 1258.886804 1584795.984555
   97.90 1207.382421 1457772.310156
   98.00 -69.009583 4762.322567
   98.10 2119.308840 4491469.961190
   98.20 1743.271770 3038996.462545
   98.30 -1334.777519 1781631.026359
   98.40 -330.784707 109418.522310
   98.50 2717.179300 7383063.346435
   98.60 2219.261253 4925120.509239
   98.70 2248.773592 5056982.669136
   98.80 1163.254700 1353161.497283
   98.90 -259.085957 67125.533180
   99.00 1509.509543 2278619.061345
   99.10 1187.339213 1409774.405821
   99.20 2112.244318 4461576.059146
   99.30 963.564398 928456.349071
   99.40 2748.517388 7554347.833210
   99.50 -519.817767 270210.511296
   99.60 1062.170426 1128206.012839
   99.70 2210.289545 4885379.871121
   99.80 -1010.343569 1020794.126690
   99.90 2308.026328 5326985.532947
  100.00 -655.546185 429740.800246
  100.10 3352.109698 11236639.426002
  100.20 3867.083342 14954333.572470
  100.30 1408.376151 1983523.381525
  100.40 1427.673341 2038251.169635
  100.50 1409.117414 1985611.886890
  100.60 293.435980 86104.674352
  100.70 2281.125050 5203531.495569
  100.80 3205.780609 10277029.314377
  100.90 1833.396350 3361342.177088
  101.00 2629.464349 6914082.760270
  101.10 1170.064044 1369049.868187
  101.20 1327.401879 1761995.747999
  101.30 -908.419348 825225.711070
  101.40 1476.480217 2179993.831123
  101.50 1448.195323 2097269.692603
  101.60 778.220012 605626.386859
  101.70 450.989652 203391.666160
  101.80 1470.650353 2162812.460618
  101.90 1920.772426 3689366.713345
  102.00 783.994705 614647.697578
  102.10 1405.288119 1974834.696933
  102.20 3183.679138 10135812.856798
  102.30 3198.516665 10230508.854152
  102.40 3536.645294 12507859.937067
  102.50 2359.053667 5565134.202624
  102.60 3057.258665 9346830.546075
  102.70 1800.573323 3242064.290758
  102.80 3676.529246 13516867.297992
  102.90 4489.489583 20155516.716501
  103.00 2119.613665 4492762.087987
  103.10 -61.445740 3775.578922
  103.20 1945.402457 3784590.720800
  103.30 738.226221 544977.952880
  103.40 1712.967792 2934258.656349
  103.50 3134.708254 9826395.839331
  103.60 -376.436897 141704.737443
  103.70 2354.099023 5541782.209020
  103.80 1458.104488 2126068.698750
  103.90 -163.875431 26855.156978
  104.00 2442.985081 5968176.107055
  104.10 2102.787625 4421715.793903
  104.20 2697.626115 7277186.654871
  104.30 1004.857857 1009739.313669
  104.40 1647.710529 2714949.987438
  104.50 3604.565383 12992891.603532
  104.60 1523.860378 2322150.451855
  104.70 32.536565 1058.628072
  104.80 3369.719491 11355009.446188
  104.90 -557.877565 311227.377841
  105.00 1885.510089 3555148.295499
  105.10 -268.745049 72223.901274
  105.20 3109.175519 9666972.408449
  105.30 1084.531294 1176208.126864
  105.40 307.190588 94366.057381
  105.50 496.914332 246923.853356
  105.60 499.024067 249025.019005
  105.70 2203.411725 4855023.230321
  105.80 592.451385 350998.643229
  105.90 1382.070052 1910117.629388
  106.00 -663.163437 439785.743516
  106.10 -1303.113709 1698105.339378
  106.20 -3135.578177 9831850.502169
  106.30 -5788.173706 33502954.847286
  106.40 7234.970218 52344794.049121
  106.50 903.722750 816714.808574
  106.60 4262.993111 18173110.264094
  106.70 4515.239306 20387385.993288
  106.80 513.259224 263435.030878
  106.90 4511.947330 20357668.712683
  107.00 3087.153356 9530515.842897
  107.10 2644.099124 6991260.179544
  107.20 2600.083779 6760435.658903
  107.30 2114.045026 4469186.370776
  107.40 2089.072104 4364222.256554
  107.50 3300.251230 10891658.182218
  107.60 2095.847133 4392575.205162
  107.70 474.726139 225364.906839
  107.80 2768.284338 7663398.178642
  107.90 2778.150824 7718122.001363
  108.00 1581.839976 2502217.708973
  108.10 2439.825134 5952746.686731
  108.20 3057.011542 9345319.565239
  108.30 64.047860 4102.128315
  108.40 3882.657860 15075032.054368
  108.50 528.670850 279492.868103
  108.60 4324.010165 18697063.904790
  108.70 487.634427 237787.334603
  108.80 -45.656360 2084.503198
  108.90 1601.997623 2566396.383256
  109.00 3014.595335 9087785.034308
  109.10 1844.881925 3403589.318025
  109.20 1829.952201 3348725.056642
  109.30 1060.140213 1123897.271301
  109.40 380.747112 144968.363078
  109.50 2240.322516 5019044.976028
  109.60 3366.741071 11334945.438927
  109.70 2444.604698 5976092.128974
  109.80 1489.581055 2218851.719901
  109.90 905.915173 820682.301386
  110.00 1807.649540 3267596.858935
  110.10 2369.107803 5612671.783878
  110.20 703.664378 495143.557074
  110.30 2283.852712 5215983.210374
  110.40 2389.166894 5708118.447998
  110.50 1367.586182 1870291.964682
  110.60 1452.659885 2110220.742249
  110.70 2254.514071 5082833.697056
  110.80 1730.583710 2994919.978335
  110.90 -749.265151 561398.266135
  111.00 1658.686523 2751240.981545
  111.10 775.733499 601762.461896
  111.20 2899.088803 8404715.890400
  111.30 3274.900376 10724972.472034
  111.40 2737.919915 7496205.463360
  111.50 68.945445 4753.474374
  111.60 3740.085924 13988242.716549
  111.70 1293.540220 1673246.301389
  111.80 2473.633296 6118861.682651
  111.90 3059.044380 9357752.516975
  112.00 1945.924873 3786623.610235
  112.10 3444.914256 11867434.232096
  112.20 4145.782465 17187512.249443
  112.30 2221.685859 4935888.057567
  112.40 2843.698429 8086620.754611
  112.50 1430.548990 2046470.413769
  112.60 2104.041831 4426992.028662
  112.70 2114.581580 4471455.259159
  112.80 1700.858527 2892919.727426
  112.90 1779.356027 3166107.870633
  113.00 4038.922777 16312897.194794
  113.10 2944.992390 8672980.177334
  113.20 2808.289656 7886490.789247
  113.30 900.828971 811492.835605
  113.40 3250.461437 10565499.552585
  113.50 1805.106869 3258410.809030
  113.60 2686.202589 7215684.348732
  113.70 1051.129362 1104872.936546
  113.80 3172.373536 10063953.850584
  113.90 55.710622 3103.673365
  114.00 5484.231956 30076800.149640
  114.10 1164.169999 1355291.787334
  114.20 1729.234384 2990251.554701
  114.30 3186.561016 10154171.110221
  114.40 1066.761392 1137979.866656
  114.50 2322.215983 5392687.070908
  114.60 3845.637269 14788926.006654
  114.70 17.901374 320.459204
  114.80 1277.598116 1632256.947139
  114.90 2152.138192 4631698.798880
  115.00 1942.985409 3775192.298261
  115.10 3027.672604 9166801.395627
  115.20 3074.179089 9450577.069630
  115.30 0.890526 0.793036
  115.40 1269.385547 1611339.667165
  115.50 2360.711850 5572960.437750
  115.60 1330.618778 1770546.333029
  115.70 1301.013373 1692635.796416
  115.80 -34.672576 1202.187554
  115.90 2729.690172 7451208.437805
  116.00 3655.319060 13361357.432386
  116.10 3659.928725 13395078.270008
  116.20 1328.715664 1765485.314671
  116.30 1531.629886 2345890.106179
  116.40 754.609997 569436.247464
  116.50 2102.795432 4421748.627293
  116.60 -242.237240 58678.880547
  116.70 1262.044221 1592755.614591
  116.80 3583.022232 12838048.314225
  116.90 452.998031 205207.216460
  117.00 2151.731933 4629950.311666
  117.10 1320.828489 1744587.896590
  117.20 2636.008909 6948542.967107
  117.30 2087.293627 4356794.685240
  117.40 1859.125463 3456347.487263
  117.50 1230.577622 1514321.282565
  117.60 3520.864179 12396484.568589
  117.70 3006.377976 9038308.533386
  117.80 -84.150029 7081.227423
  117.90 2568.912821 6599313.083267
  118.00 1398.770109 1956557.818209
  118.10 3104.838722 9640023.488660
  118.20 2354.612507 5544200.056185
  118.30 2768.300333 7663486.732252
  118.40 1492.135353 2226467.910858
  118.50 907.564530 823673.376045
  118.60 1550.440699 2403866.360719
  118.70 2601.313395 6766831.380581
  118.80 2029.044967 4117023.478855
  118.90 1989.723756 3959000.624608
  119.00 1447.271840 2094595.779827
  119.10 4846.131877 23484994.171317
  119.20 1018.213554 1036758.841600
  119.30 1705.072947 2907273.755870
  119.40 1436.955941 2064842.376810
  119.50 2538.492142 6443942.353497
  119.60 2282.451308 5209583.971939
  119.70 633.693034 401566.861437
  119.80 -272.544215 74280.348865
  119.90 630.107590 397035.575406
  120.00 3048.597246 9293945.170082
  120.10 3360.927412 11295833.067400
  120.20 3996.565961 15972539.482186
  120.30 1298.579488 1686308.687025
  120.40 524.273921 274863.143920
  120.50 3088.246639 9537267.304631
  120.60 1796.480533 3227342.305696
  120.70 2141.013976 4583940.844683
  120.80 2023.247016 4093528.488095
  120.90 2225.988530 4955024.935184
  121.00 668.430123 446798.829664
  121.10 2158.443433 4658878.052029
  121.20 2552.912971 6517364.636231
  121.30 3488.038978 12166415.914369
  121.40 1896.566007 3596962.619699
  121.50 1549.154924 2399880.980047
  121.60 1922.532174 3696129.958947
  121.70 251.905820 63456.542050
  121.80 1284.126794 1648981.621958
  121.90 2845.944269 8099398.779989
  122.00 1865.313639 3479394.972135
  122.10 2101.029770 4414326.094939
  122.20 2364.148257 5589196.983026
  122.30 810.009246 656114.979069
  122.40 1438.824445 2070215.783939
  122.50 2422.664194 5869301.794757
  122.60 2010.011418 4040145.899429
  122.70 2161.942330 4673994.637273
  122.80 360.754458 130143.778857
  122.90 -359.120965 128967.867614
  123.00 -9954.218891 99086473.736737
  123.10 3263.091387 10647765.402479
  123.20 3172.537751 10064995.781041
  123.30 2055.806342 4226339.716558
  123.40 2625.199387 6891671.822763
  123.50 4034.056191 16273609.352799
  123.60 1598.709590 2555872.353769
  123.70 2011.508269 4046165.515465
  123.80 1705.251185 2907881.604677
  123.90 807.294766 651724.839272
  124.00 3675.450234 13508934.424049
  124.10 3224.909643 10400042.206107
  124.20 -579.669721 336016.985071
  124.30 5467.187166 29890135.512856
  124.40 660.094798 435725.142991
  124.50 3803.059081 14463258.371012
  124.60 2421.052474 5861495.082617
  124.70 3257.803089 10613280.969889
  124.80 111.060336 12334.398243
  124.90 553.627090 306502.954297
