    0.05 -21773.082846 474067136.617851
    0.10 -24390.061640 594875106.792119
    0.15 -22473.554955 505060672.308171
    0.20 -24373.992636 594091517.018840
    0.25 -24666.540294 608438210.097665
    0.30 -24608.992661 605602519.779936
    0.35 -25184.010639 634234391.844750
    0.40 -24195.479091 585421208.421114
    0.45 -25414.740365 645909027.797535
    0.50 -23134.444189 535202507.912969
    0.55 -26561.792987 705528846.699407
    0.60 -23693.729596 561392822.171132
    0.65 -22380.426180 500883476.002922
    0.70 -24411.800527 595936004.946943
    0.75 -25482.553182 649360516.662116
    0.80 -24285.791490 589799668.281615
    0.85 -26827.682370 719724541.325511
    0.90 -24058.746564 578823286.222244
    0.95 -23828.363386 567790901.670835
    1.00 -26702.418272 713019141.592894
    1.05 -26187.434176 685781708.743973
    1.10 -27156.455416 737473070.744779
    1.15 -23366.363059 545986922.623954
    1.20 -27745.248253 769798800.597037
    1.25 -29771.617229 886349192.413057
    1.30 -27614.141311 762540800.334288
    1.35 -28242.052433 797613525.631849
    1.40 -25489.957974 649737957.509576
    1.45 -21407.313380 458273066.132513
    1.50 -26685.542052 712118154.634368
    1.55 -24959.898183 622996517.327653
    1.60 -23010.904875 529501743.164276
    1.65 -27869.175605 776690948.925268
    1.70 -23566.915908 555399525.409563
    1.75 -25491.189532 649800743.763006
    1.80 -25204.608377 635272283.417295
    1.85 -29321.944630 859776436.878188
    1.90 -28455.882425 809737244.611331
    1.95 -25086.777372 629346398.923851
    2.00 -26936.931244 725598264.825910
    2.05 -25347.979513 642520065.381107
    2.10 -26519.358775 703276389.836814
    2.15 -25945.597197 673174013.898819
    2.20 -25380.551863 644172412.877333
    2.25 -24692.141460 609701849.875842
    2.30 -27362.479001 748705257.079349
    2.35 -27722.681000 768547041.805393
    2.40 -27609.444735 762281438.562371
    2.45 -27540.085107 758456287.717031
    2.50 -25405.076335 645417903.607881
    2.55 -27361.126510 748631243.912084
    2.60 -26022.522361 677171670.007785
    2.65 -24569.351458 603653031.052188
    2.70 -25241.971273 637157113.728978
    2.75 -27150.128287 737129466.013615
    2.80 -30312.070084 918821592.757784
    2.85 -29487.291961 869500387.212650
    2.90 -25543.982667 652495050.497568
    2.95 -28175.649869 793867245.537221
    3.00 -28652.182675 820947572.017573
    3.05 -27592.408188 761340989.627829
    3.10 -30086.234694 905181518.090746
    3.15 -27695.237583 767026184.772936
    3.20 -29560.525094 873824643.840120
    3.25 -28755.729713 826891991.314004
    3.30 -26698.010239 712783750.735727
    3.35 -26459.976956 700130380.529224
    3.40 -26478.213536 701095792.082054
    3.45 -29918.426634 895112252.257963
    3.50 -27455.738706 753817587.913948
    3.55 -28435.635978 808585393.495423
    3.60 -30374.836797 922630710.422697
    3.65 -26240.333788 688555117.293150
    3.70 -27137.641521 736451587.319172
    3.75 -30114.798903 906901112.947175
    3.80 -28284.918712 800036626.528474
    3.85 -30251.620085 915160517.743158
    3.90 -28449.910000 809397378.997298
    3.95 -31760.185557 1008709386.631844
    4.00 -29755.215440 885372845.888884
    4.05 -28299.150428 800841914.955411
    4.10 -31107.407687 967670813.000214
    4.15 -30799.961427 948637623.883078
    4.20 -30390.014105 923552957.288557
    4.25 -29831.229822 889902272.695042
    4.30 -28883.249704 834242113.492390
    4.35 -32172.505200 1035070090.829770
    4.40 -30043.792731 902629481.643416
    4.45 -32332.790497 1045409341.305089
    4.50 -30788.692827 947943605.992862
    4.55 -31524.996958 993825433.210319
    4.60 -29440.433338 866739115.102909
    4.65 -32767.153893 1073686374.254895
    4.70 -31816.045217 1012260733.255524
    4.75 -33576.200830 1127361262.200769
    4.80 -32561.676186 1060262756.045680
    4.85 -34297.692680 1176331723.192421
    4.90 -35428.506168 1255179049.287917
    4.95 -33943.860129 1152185640.443593
    5.00 -34028.885850 1157965072.216655
    5.05 -29411.528992 865038037.664544
    5.10 -34058.258363 1159964962.734373
    5.15 -33813.387050 1143345143.824317
    5.20 -36022.628557 1297629768.124933
    5.25 -36244.845156 1313688800.367001
    5.30 -34681.123657 1202780338.132757
    5.35 -32679.254276 1067933660.014440
    5.40 -37524.496648 1408087848.698066
    5.45 -34050.074568 1159407578.063014
    5.50 -36039.632784 1298855131.216783
    5.55 -38518.150076 1483647885.252646
    5.60 -35499.839065 1260238573.642813
    5.65 -37667.922594 1418872392.519646
    5.70 -38564.851746 1487247790.159004
    5.75 -38343.755585 1470243592.330423
    5.80 -38815.177439 1506617999.634784
    5.85 -36742.381161 1350002573.364986
    5.90 -37136.582826 1379125784.009197
    5.95 -40905.815879 1673285772.708902
    6.00 -36219.577646 1311857804.850737
    6.05 -39003.968462 1521309555.757699
    6.10 -36741.334055 1349925628.105184
    6.15 -39921.153802 1593698520.907414
    6.20 -37442.060787 1401907916.002115
    6.25 -38358.572200 1471380061.230247
    6.30 -40149.601066 1611990465.755552
    6.35 -41061.307828 1686031000.551351
    6.40 -40384.790020 1630931264.990067
    6.45 -39652.141428 1572292319.842274
    6.50 -44604.949465 1989601516.763064
    6.55 -45103.320189 2034309492.095227
    6.60 -42322.727275 1791213243.972636
    6.65 -44478.796970 1978363379.859997
    6.70 -44702.963816 1998354973.926984
    6.75 -45585.355199 2078024608.645032
    6.80 -46896.261139 2199259308.795537
    6.85 -46405.895412 2153507128.996289
    6.90 -46385.479794 2151612735.718900
    6.95 -47122.103924 2220492678.217183
    7.00 -49881.148801 2488129005.728260
    7.05 -49808.800883 2480916645.400901
    7.10 -50124.057895 2512421179.814401
    7.15 -53928.726673 2908307560.605346
    7.20 -50220.010835 2522049488.251756
    7.25 -50377.670057 2537909640.368888
    7.30 -53493.496078 2861554122.604069
    7.35 -50974.408705 2598390342.813931
    7.40 -55540.119251 3084704846.394247
    7.45 -55621.789261 3093783440.572525
    7.50 -57247.884969 3277320333.418424
    7.55 -57710.623342 3330516046.485938
    7.60 -57529.774782 3309674986.480557
    7.65 -57860.435864 3347830038.381574
    7.70 -58473.428571 3419141848.898168
    7.75 -60604.392537 3672892394.766529
    7.80 -63801.714801 4070658811.511073
    7.85 -59785.728051 3574333278.583900
    7.90 -63651.731608 4051542936.710475
    7.95 -67257.149684 4523524183.626317
    8.00 -66376.440537 4405831858.347453
    8.05 -68840.189832 4738971736.047535
    8.10 -70147.131050 4920619994.484591
    8.15 -75172.849803 5650957347.568823
    8.20 -74417.681897 5537991378.851522
    8.25 -74966.020045 5619904161.367682
    8.30 -78834.462323 6214872449.703094
    8.35 -82222.513233 6760541682.377213
    8.40 -82328.306871 6777950112.310687
    8.45 -84905.104126 7208876706.689571
    8.50 -88542.523215 7839778417.346084
    8.55 -89231.598074 7962278094.778193
    8.60 -91092.041895 8297760096.682922
    8.65 -95863.208569 9189754757.150209
    8.70 -99977.328075 9995466128.918636
    8.75 -101602.399789 10323047642.948963
    8.80 -108383.338429 11746948048.969301
    8.85 -111428.885077 12416396429.604967
    8.90 -118159.412999 13961646880.173611
    8.95 -122148.393337 14920229994.862654
    9.00 -128581.641232 16533238462.009323
    9.05 -135256.317077 18294271309.245876
    9.10 -140204.585233 19657325720.372917
    9.15 -150404.677490 22621567010.753277
    9.20 -159078.201910 25305874322.843967
    9.25 -166492.232267 27719663405.302933
    9.30 -177284.935181 31429948242.005550
    9.35 -191853.260796 36807673678.037560
    9.40 -205225.279180 42117415214.533997
    9.45 -224505.835874 50402870341.378769
    9.50 -249108.400060 62054994980.386444
    9.55 -271441.371243 73680418022.374588
    9.60 -303223.694870 91944609130.428940
    9.65 -347457.598874 120726783015.336182
    9.70 -402605.472638 162091166597.690765
    9.75 -476885.597295 227419872907.827271
    9.80 -587353.953872 344984667128.871155
    9.85 -769138.543559 591574099188.385132
    9.90 -1119040.230271 1252251036964.766357
    9.95 -2043039.220140 4174009255031.208496
   10.00 -12412586.435937 154072302029609.937500
   10.05 3024317.575479 9146496797352.359375
   10.10 1346534.407771 1813154911310.215088
   10.15 863256.596309 745211951071.717773
   10.20 631560.846010 398869102212.442993
   10.25 502773.777383 252781471224.161194
   10.30 409143.655848 167398531120.923950
   10.35 350664.474939 122965573983.955185
   10.40 306613.651576 94011931332.839996
   10.45 269928.987364 72861658219.609573
   10.50 243596.729539 59339366642.044067
   10.55 217979.775419 47515182491.667107
   10.60 200427.773612 40171292435.180168
   10.65 182853.352973 33435348693.583157
   10.70 168202.962872 28292236719.017788
   10.75 157991.914923 24961445181.092129
   10.80 148102.358193 21934308502.187302
   10.85 139605.926588 19489814738.594833
   10.90 131032.258929 17169452879.953308
   10.95 124491.073521 15498027386.528255
   11.00 116622.036719 13600699448.403778
   11.05 112147.713187 12577109573.022663
   11.10 104412.749147 10902022184.364212
   11.15 101409.373967 10283861128.435558
   11.20 95339.607732 9089640802.410860
   11.25 95697.165857 9157947552.973019
   11.30 87666.963043 7685496409.114164
   11.35 85234.691240 7264952590.838881
   11.40 79990.114102 6398418353.995264
   11.45 76927.285046 5917807184.546337
   11.50 76481.327918 5849393520.148110
   11.55 74210.444391 5507190056.778879
   11.60 68182.468396 4648848996.590563
   11.65 68732.377263 4724139684.206172
   11.70 65669.072825 4312427125.742990
   11.75 63201.441597 3994422219.910358
   11.80 61131.808064 3737097957.130781
   11.85 60298.911762 3635958759.625114
   11.90 56988.419483 3247679955.115918
   11.95 60194.544815 3623383225.475814
   12.00 55191.458911 3046097136.699976
   12.05 50724.761411 2573001420.243298
   12.10 54244.013708 2942413023.181052
   12.15 50065.013615 2506505588.227871
   12.20 50591.713968 2559521522.207845
   12.25 48064.938964 2310238357.622259
   12.30 49134.536362 2414202663.485783
   12.35 42864.127142 1837333395.614727
   12.40 42364.132788 1794719746.920323
   12.45 44517.414519 1981800195.437932
   12.50 42761.752456 1828567473.134984
   12.55 39377.233209 1550566495.200848
   12.60 41871.993777 1753263862.886150
   12.65 39743.826598 1579571752.618466
   12.70 39050.738953 1524960212.768597
   12.75 39707.230314 1576664139.205605
   12.80 39256.956302 1541108618.124575
   12.85 32193.954917 1036450733.201516
   12.90 37513.134863 1407235287.217387
   12.95 37276.371040 1389527837.883710
   13.00 35161.112220 1236303812.566517
   13.05 32597.115120 1062571914.158805
   13.10 33767.920400 1140272448.127046
   13.15 31053.095922 964294766.363304
   13.20 31862.662608 1015229268.444955
   13.25 31654.347570 1001997720.098552
   13.30 29545.627564 872944108.132113
   13.35 27894.948111 778128130.098713
   13.40 30994.101136 960634305.199867
   13.45 30262.920878 915844380.069785
   13.50 27715.595781 768154249.476936
   13.55 29321.503029 859750539.905666
   13.60 28590.677476 817426838.531379
   13.65 25542.225941 652405306.026160
   13.70 26453.769746 699801933.754959
   13.75 27809.482228 773367301.802052
   13.80 30044.853784 902693238.905130
   13.85 25119.562076 630992398.901535
   13.90 25515.761747 651054097.541296
   13.95 28008.521060 784477251.951785
   14.00 22459.854449 504445061.865637
   14.05 25426.258802 646494636.676454
   14.10 24680.266354 609115547.324845
   14.15 23338.833580 544701152.891042
   14.20 22020.745872 484913248.743266
   14.25 22111.440438 488915798.223495
   14.30 23192.344116 537884825.612939
   14.35 20661.409534 426893843.924198
   14.40 26545.705317 704674470.758680
   14.45 22872.163735 523135873.898727
   14.50 23614.864206 557661811.446162
   14.55 24197.184377 585503731.785422
   14.60 19139.255359 366311095.692837
   14.65 20838.110743 434226859.317540
   14.70 20025.826018 401033707.705253
   14.75 20320.150272 412908507.085975
   14.80 16043.034690 257378962.076635
   14.85 21211.285608 449918637.154727
   14.90 18748.200587 351495025.255778
   14.95 17960.565531 322581914.205415
   15.00 19645.598998 385949560.001779
   15.05 18627.108521 346969171.847478
   15.10 19133.761069 366100812.660713
   15.15 17051.536839 290754908.565452
   15.20 21393.290559 457672880.921448
   15.25 15539.355991 241471584.603478
   15.30 14981.105831 224433531.910614
   15.35 19693.264231 387824656.053686
   15.40 19239.853028 370171944.525321
   15.45 19367.630527 375105112.246910
   15.50 17666.449686 312103444.498084
   15.55 17144.536995 293935148.757136
   15.60 16414.926796 269449821.732033
   15.65 16246.949107 263963355.279861
   15.70 16765.864061 281094197.716825
   15.75 17328.038853 300260930.483267
   15.80 18441.926241 340104643.481615
   15.85 14300.837792 204513961.540845
   15.90 16586.053431 275097168.431345
   15.95 13295.223195 176762959.811084
   16.00 14032.142973 196901036.426871
   16.05 11077.936433 122720675.616509
   16.10 14020.783887 196582380.803537
   16.15 14256.767590 203255422.102543
   16.20 15589.169804 243022215.181675
   16.25 13037.165743 169967690.603206
   16.30 13403.212735 179646111.614625
   16.35 13261.742717 175873819.889211
   16.40 13087.540093 171283705.673925
   16.45 14494.676092 210095635.021393
   16.50 14476.463137 209567984.947153
   16.55 10667.534801 113796298.724514
   16.60 12364.211840 152873734.435575
   16.65 12816.353740 164258923.194989
   16.70 15317.029248 234611384.975461
   16.75 15185.435630 230597455.272600
   16.80 12419.111254 154234324.339331
   16.85 12458.586950 155216388.792725
   16.90 13752.768237 189138634.186025
   16.95 12196.685898 148759146.901695
   17.00 14196.892275 201551750.262094
   17.05 12905.468694 166551122.205009
   17.10 11411.437191 130220898.755082
   17.15 13159.938631 173183984.764392
   17.20 13378.530026 178985065.653259
   17.25 10218.513666 104418021.534570
   17.30 13535.561313 183211420.065315
   17.35 10639.741316 113204095.276411
   17.40 9429.474472 88914988.813445
   17.45 14786.062776 218627652.410540
   17.50 12537.999377 157201428.374585
   17.55 14651.690123 214672023.449332
   17.60 12091.942097 146215063.670437
   17.65 11655.789596 135857431.103118
   17.70 10010.613013 100212372.896861
   17.75 12978.126221 168431760.195682
   17.80 9109.146882 82976556.920984
   17.85 12360.131076 152772840.219230
   17.90 9928.546178 98576029.214953
   17.95 7414.550338 54975556.711713
   18.00 10256.446173 105194688.102835
   18.05 9802.650265 96091952.223368
   18.10 10171.513444 103459685.751294
   18.15 9750.096224 95064376.373608
   18.20 12386.333886 153421267.133791
   18.25 9861.504820 97249277.323786
   18.30 8048.712490 64781772.752537
   18.35 9079.734974 82441587.189103
   18.40 8023.414907 64375186.774974
   18.45 10040.395601 100809543.826592
   18.50 10727.198726 115072792.497964
   18.55 8254.945287 68144121.686920
   18.60 8463.641302 71633224.096064
   18.65 7329.448962 53720822.089353
   18.70 5228.749646 27339822.860066
   18.75 10980.531948 120572081.854919
   18.80 12737.069683 162232944.114474
   18.85 6424.531977 41274611.124113
   18.90 8427.425167 71021494.952049
   18.95 6767.112744 45793814.893780
   19.00 6778.086669 45942458.891416
   19.05 11018.967950 121417654.680109
   19.10 4262.533218 18169189.438736
   19.15 8421.144078 70915667.585859
   19.20 7482.067062 55981327.523190
   19.25 7504.386716 56315819.990457
   19.30 8297.132993 68842415.904617
   19.35 11188.849623 125190355.882792
   19.40 6761.700799 45720597.696883
   19.45 11937.257913 142498126.492843
   19.50 7055.657822 49782307.304486
   19.55 6335.987170 40144733.416847
   19.60 8861.846157 78532317.303562
   19.65 7721.337235 59619048.698876
   19.70 8365.112531 69975107.652488
   19.75 5875.169025 34517611.067933
   19.80 5961.324130 35537385.385838
   19.85 9591.494055 91996758.204042
   19.90 8314.597637 69132533.866486
   19.95 7720.756769 59610085.081722
   20.00 8200.225614 67243700.113017
   20.05 6524.290346 42566364.520118
   20.10 4555.491557 20752503.328059
   20.15 9385.329646 88084412.555042
   20.20 6454.605131 41661927.403528
   20.25 5283.322948 27913501.371237
   20.30 6575.501444 43237219.237230
   20.35 6312.206070 39843945.473937
   20.40 6217.092800 38652242.877885
   20.45 3857.387319 14879436.927530
   20.50 8100.729115 65621812.199543
   20.55 7857.610321 61742039.953017
   20.60 6915.344512 47821989.714643
   20.65 6696.549650 44843777.216670
   20.70 8292.489554 68765383.009682
   20.75 6143.852703 37746926.036240
   20.80 6057.662512 36695275.103899
   20.85 4301.215267 18500452.775275
   20.90 7146.630722 51074330.670628
   20.95 5988.230056 35858899.204579
   21.00 7054.635124 49767876.735307
   21.05 10015.411891 100308475.345159
   21.10 4577.406332 20952648.726238
   21.15 4146.510290 17193547.583387
   21.20 4702.757272 22115925.956254
   21.25 6673.456711 44535024.471474
   21.30 3389.126009 11486175.103662
   21.35 8677.049327 75291185.018456
   21.40 6744.996839 45494982.364792
   21.45 6721.141421 45173742.002402
   21.50 4370.716034 19103158.647236
   21.55 10244.061735 104940800.828280
   21.60 7911.131141 62585995.922874
   21.65 5927.278099 35132625.668288
   21.70 7338.609003 53855182.103195
   21.75 9159.083831 83888816.625424
   21.80 5742.220086 32973091.515909
   21.85 4463.352922 19921519.307379
   21.90 4791.284062 22956402.963765
   21.95 8035.312474 64566246.562524
   22.00 6617.110260 43786148.186435
   22.05 7779.881285 60526552.810396
   22.10 7419.484379 55048748.443851
   22.15 4998.393676 24983939.339958
   22.20 4677.637926 21880296.562323
   22.25 6706.667298 44979386.249439
   22.30 4746.253450 22526921.812302
   22.35 5575.083863 31081560.080737
   22.40 5040.732400 25408983.125760
   22.45 9800.748677 96054674.622804
   22.50 5645.588757 31872672.408077
   22.55 4686.228256 21960735.265904
   22.60 7877.701249 62058176.964478
   22.65 4816.667907 23200289.724637
   22.70 4199.531112 17636061.561370
   22.75 7075.899148 50068348.752343
   22.80 6633.072927 43997656.456134
   22.85 6603.690825 43608732.518180
   22.90 5146.448659 26485933.798510
   22.95 7400.761468 54771270.306981
   23.00 6193.768929 38362773.551528
   23.05 6559.374338 43025391.705215
   23.10 2002.664222 4010663.985862
   23.15 6941.153743 48179615.278090
   23.20 5274.007490 27815155.000983
   23.25 4822.830808 23259697.004216
   23.30 6302.651771 39723419.350092
   23.35 4181.545788 17485325.179867
   23.40 1686.863737 2845509.266189
   23.45 3356.157892 11263795.797521
   23.50 3096.915433 9590885.196688
   23.55 6539.018649 42758764.888790
   23.60 6111.936679 37355769.970513
   23.65 4350.484868 18926718.582679
   23.70 4535.241647 20568416.799841
   23.75 5481.072899 30042160.120787
   23.80 4590.246569 21070363.565184
   23.85 5273.219060 27806839.258758
   23.90 5555.817628 30867109.515170
   23.95 4843.737897 23461796.819297
   24.00 2833.551350 8029013.253256
   24.05 3956.920762 15657221.919491
   24.10 6493.857815 42170189.320817
   24.15 4605.901984 21214333.085599
   24.20 2688.605147 7228597.636376
   24.25 2561.400645 6560773.265011
   24.30 5557.484390 30885632.745167
   24.35 6828.076465 46622628.207030
   24.40 5757.861054 33152963.921571
   24.45 5789.792847 33521701.214304
   24.50 5702.099864 32513942.861002
   24.55 2087.876686 4359229.056056
   24.60 4257.286406 18124487.541751
   24.65 5879.570819 34569353.010046
   24.70 6091.655253 37108263.718456
   24.75 2924.444870 8552377.798959
   24.80 5271.186452 27785406.611854
   24.85 4691.909264 22014012.542129
   24.90 4126.368818 17026919.621001
   24.95 3503.262284 12272846.628076
   25.00 4364.016455 19044639.617206
   25.05 243.892603 59483.601866
   25.10 4589.615081 21064566.590371
   25.15 6015.579572 36187197.582561
   25.20 3943.372661 15550187.945543
   25.25 797.505433 636014.915704
   25.30 4169.611670 17385661.475139
   25.35 2064.079142 4260422.704446
   25.40 4215.430095 17769850.888913
   25.45 2485.244066 6176438.065821
   25.50 4595.907548 21122366.188092
   25.55 6284.498360 39494919.636739
   25.60 4721.112515 22288903.380553
   25.65 7002.635887 49036909.363508
   25.70 3273.871272 10718233.103263
   25.75 6325.403082 40010724.145052
   25.80 3013.869392 9083408.711356
   25.85 3020.325564 9122366.513723
   25.90 4692.363042 22018270.922611
   25.95 2974.870937 8849857.088835
   26.00 3581.412878 12826518.200885
   26.05 4096.297258 16779651.229347
   26.10 4960.751339 24609053.844096
   26.15 3270.850817 10698465.063938
   26.20 3777.755363 14271435.585656
   26.25 88.412472 7816.765203
   26.30 1724.046827 2972337.460465
   26.35 5001.282578 25012827.428482
   26.40 1678.928251 2818800.072262
   26.45 3544.206402 12561399.019416
   26.50 4915.911465 24166185.534469
   26.55 3006.750537 9040548.793548
   26.60 5084.153338 25848615.162305
   26.65 2620.344441 6866204.990896
   26.70 3311.258882 10964435.384053
   26.75 3803.180209 14464179.699763
   26.80 1045.576259 1093229.712548
   26.85 3686.673146 13591558.886778
   26.90 5182.489618 26858198.641996
   26.95 2475.895447 6130058.266915
   27.00 2528.133515 6391459.068862
   27.05 1251.957527 1567397.650556
   27.10 3523.060395 12411954.549958
   27.15 3370.824931 11362460.716022
   27.20 4340.983117 18844134.419987
   27.25 2374.504502 5638271.629578
   27.30 1853.532051 3435581.065922
   27.35 6268.597772 39295318.029953
   27.40 3290.892047 10829970.467413
   27.45 2700.772401 7294171.559766
   27.50 5278.921268 27867009.752678
   27.55 2747.610516 7549363.545746
   27.60 -165.701584 27457.014790
   27.65 3923.321839 15392454.249024
   27.70 4417.312171 19512646.816041
   27.75 3407.616123 11611847.644060
   27.80 647.798586 419643.008297
   27.85 2118.276378 4487094.812677
   27.90 4655.729375 21675816.016330
   27.95 451.731944 204061.749260
   28.00 2709.150908 7339498.644397
   28.05 3275.348097 10727905.157132
   28.10 1789.319991 3201666.028838
   28.15 741.199771 549377.099920
   28.20 1067.815207 1140229.316112
   28.25 3826.610696 14642949.416758
   28.30 2192.563580 4807335.050460
   28.35 1548.381254 2397484.506459
   28.40 3785.111234 14327067.050767
   28.45 -683.572615 467271.519314
   28.50 5277.119304 27847988.151329
   28.55 2297.127726 5276795.790874
   28.60 1723.357678 2969961.687698
   28.65 1973.882697 3896212.901364
   28.70 1576.427140 2485122.527348
   28.75 3517.749744 12374563.258467
   28.80 5118.614640 26200215.837776
   28.85 -302.892487 91743.858873
   28.90 1737.065317 3017395.914229
   28.95 946.641077 896129.328498
   29.00 2497.767016 6238840.064747
   29.05 -4370.345014 19099915.544246
   29.10 -55.679240 3100.177778
   29.15 2896.830338 8391626.007506
   29.20 2859.020704 8173999.386374
   29.25 4181.865736 17488001.037209
   29.30 2446.933581 5987483.949051
   29.35 1003.132958 1006275.731431
   29.40 3468.187291 12028323.088249
   29.45 1793.097742 3215199.514122
   29.50 705.361747 497535.194612
   29.55 2707.034442 7328035.469369
   29.60 4584.402544 21016746.688133
   29.65 973.211428 947140.482640
   29.70 3270.948456 10699103.804612
   29.75 2674.629029 7153640.441317
   29.80 -16.525860 273.104063
   29.85 2767.846612 7660974.869480
   29.90 2854.600048 8148741.436488
   29.95 3124.305662 9761285.869911
   30.00 4465.720825 19942662.486606
   30.05 3234.862702 10464336.701774
   30.10 1288.220595 1659512.301383
   30.15 1705.223592 2907787.499740
   30.20 -1642.547582 2697962.560538
   30.25 683.642074 467366.485993
   30.30 3757.942845 14122134.426575
   30.35 3733.636442 13940041.078822
   30.40 1869.840427 3496303.223838
   30.45 3775.454470 14254056.455199
   30.50 3600.582562 12964194.783057
   30.55 1647.887558 2715533.404002
   30.60 2207.502040 4873065.257013
   30.65 2139.514049 4577520.364480
   30.70 1153.272668 1330037.847538
   30.75 2023.359525 4093983.769344
   30.80 1583.671341 2508014.916976
   30.85 2298.026175 5280924.301506
   30.90 4848.820738 23511062.552070
   30.95 1106.208141 1223696.451342
   31.00 5510.576903 30366457.806002
   31.05 3449.971341 11902302.254232
   31.10 5747.886621 33038200.602800
   31.15 1362.379338 1856077.460170
   31.20 2928.526872 8576269.642037
   31.25 1030.337229 1061594.804567
   31.30 2628.322586 6908079.613644
   31.35 1972.224923 3889671.147753
   31.40 4893.562331 23946952.290817
   31.45 2192.451950 4806845.553843
   31.50 3521.235522 12399099.603858
   31.55 4112.374053 16911620.355558
   31.60 3987.779668 15902386.677820
   31.65 1825.200195 3331355.750720
   31.70 6124.437069 37508729.417640
   31.75 4141.077690 17148524.433836
   31.80 2029.352218 4118270.424010
   31.85 2791.434376 7792105.876920
   31.90 -1155.762603 1335787.194293
   31.95 214.914043 46188.046071
   32.00 3479.867382 12109476.993478
   32.05 3613.877499 13060110.580947
   32.10 -1100.643253 1211415.569616
   32.15 179.636284 32269.194703
   32.20 309.024549 95496.171654
   32.25 1974.525618 3898751.417526
   32.30 1672.814529 2798308.447994
   32.35 823.288213 677803.482186
   32.40 935.042615 874304.691014
   32.45 -638.979691 408295.045797
   32.50 205.669704 42300.027093
   32.55 1922.554807 3696216.986514
   32.60 4063.896963 16515258.527078
   32.65 881.693870 777384.080072
   32.70 833.360143 694489.127222
   32.75 -831.381646 691195.441574
   32.80 3228.722180 10424646.914827
   32.85 1513.592103 2290961.055495
   32.90 2069.488323 4282781.919193
   32.95 1747.223584 3052790.252239
   33.00 2447.725185 5991358.582803
   33.05 2499.532905 6247664.740961
   33.10 2591.198029 6714307.227098
   33.15 2804.441493 7864892.085176
   33.20 5334.018372 28451751.994679
   33.25 2760.338243 7619467.218447
   33.30 1986.307740 3945418.438484
   33.35 3497.117121 12229828.159101
   33.40 2224.311958 4947563.686009
   33.45 2942.994874 8661218.826676
   33.50 1715.466203 2942824.294603
   33.55 3172.331896 10063689.655279
   33.60 1320.508474 1743742.628800
   33.65 1517.746441 2303554.259684
   33.70 3624.309347 13135618.244008
   33.75 4719.615911 22274774.345825
   33.80 2118.807962 4489347.181423
   33.85 -1481.460511 2194725.246175
   33.90 1481.314925 2194293.905570
   33.95 1242.834070 1544636.524708
   34.00 3889.095178 15125061.305235
   34.05 2764.701364 7643573.633364
   34.10 2196.845193 4826128.803535
   34.15 1945.316429 3784256.009682
   34.20 2092.132609 4377018.851704
   34.25 262.542013 68928.308421
   34.30 345.209499 119169.598316
   34.35 2714.350691 7367699.675781
   34.40 2038.583980 4155824.643230
   34.45 2695.208227 7264147.384750
   34.50 3553.888146 12630120.954236
   34.55 3339.415997 11151699.198907
   34.60 -207.524473 43066.407067
   34.65 3761.157570 14146306.264802
   34.70 3765.694994 14180458.785611
   34.75 716.233468 512990.380263
   34.80 348.926385 121749.621836
   34.85 2947.932089 8690303.598869
   34.90 -994.550195 989130.090470
   34.95 826.901938 683766.815425
   35.00 331.224557 109709.707420
   35.05 987.653883 975460.192089
   35.10 916.247149 839508.837717
   35.15 765.176639 585495.288761
   35.20 5049.679665 25499264.721811
   35.25 -464.840652 216076.831521
   35.30 -406.566461 165296.287110
   35.35 1470.469301 2162279.965327
   35.40 512.000162 262144.166278
   35.45 4994.420101 24944232.142841
   35.50 2750.702778 7566365.774849
   35.55 2741.957067 7518328.559453
   35.60 3588.333923 12876140.341114
   35.65 -1463.994232 2143279.112262
   35.70 1255.225054 1575589.935027
   35.75 1070.093182 1145099.418783
   35.80 1369.707791 1876099.431988
   35.85 3229.550373 10429995.609119
   35.90 3499.744389 12248210.785408
   35.95 1923.541396 3700011.502704
   36.00 3141.116318 9866611.726154
   36.05 1030.600190 1062136.751741
   36.10 222.711861 49600.572938
   36.15 2587.260501 6693916.900651
   36.20 160.484767 25755.360423
   36.25 2708.667041 7336877.137575
   36.30 96.909630 9391.476350
   36.35 4542.614890 20635350.040234
   36.40 1349.841271 1822071.455795
   36.45 2118.328754 4487316.708143
   36.50 -1675.461325 2807170.651237
   36.55 1983.862572 3935710.705829
   36.60 -732.951001 537217.169268
   36.65 -575.919789 331683.603085
   36.70 3852.846218 14844423.979668
   36.75 2633.337839 6934468.176659
   36.80 2151.405004 4628543.493152
   36.85 3246.491266 10539705.538922
   36.90 -1050.407155 1103355.190751
   36.95 1196.641351 1431950.522834
   37.00 1067.937115 1140489.681262
   37.05 1163.692010 1354179.094777
   37.10 3062.401725 9378304.327567
   37.15 390.359362 152380.431735
   37.20 2372.148261 5627087.373849
   37.25 -1126.331036 1268621.603674
   37.30 -287.862010 82864.536727
   37.35 -464.357843 215628.206773
   37.40 3035.649000 9215164.851295
   37.45 179.163520 32099.567001
   37.50 3521.133423 12398380.583065
   37.55 3242.829187 10515941.135615
   37.60 1471.780708 2166138.451994
   37.65 2976.772922 8861177.028507
   37.70 2794.929664 7811631.827890
   37.75 -209.394943 43846.242252
   37.80 1101.232152 1212712.251641
   37.85 2184.193339 4770700.540218
   37.90 3844.259427 14778330.543064
   37.95 1273.122355 1620840.530219
   38.00 923.030655 851985.590045
   38.05 825.883856 682084.143714
   38.10 1533.964420 2353046.840530
   38.15 -731.957930 535762.411690
   38.20 137.399394 18878.593405
   38.25 3521.157989 12398553.586496
   38.30 1149.349292 1321003.794072
   38.35 1140.025937 1299659.137882
   38.40 1711.045061 2927675.201907
   38.45 2160.944296 4669680.249844
   38.50 -996.810244 993630.662847
   38.55 -463.793679 215104.576401
   38.60 1310.769966 1718117.903074
   38.65 1365.719571 1865189.947668
   38.70 -77.790625 6051.381346
   38.75 -458.130556 209883.606587
   38.80 -1356.182880 1839232.002653
   38.85 -2032.712996 4131922.122766
   38.90 2256.232745 5090586.197621
   38.95 2255.437658 5086999.028294
   39.00 842.781378 710280.451542
   39.05 2063.984095 4260030.346337
   39.10 4735.807504 22427872.717739
   39.15 2723.028342 7414883.352561
   39.20 1995.883664 3983551.598796
   39.25 909.607532 827385.862499
   39.30 -1253.075627 1570198.526878
   39.35 2415.889122 5836520.247998
   39.40 1284.955314 1651110.159663
   39.45 458.335288 210071.236190
   39.50 1998.440316 3993763.695802
   39.55 3171.451154 10058102.425323
   39.60 1581.723460 2501849.105094
   39.65 -42.509749 1807.078784
   39.70 1743.699066 3040486.434112
   39.75 1198.493758 1436387.287872
   39.80 2168.067017 4700514.588979
   39.85 -103.690088 10751.634395
   39.90 2608.513137 6804340.787919
   39.95 1339.886813 1795296.670904
   40.00 4347.969033 18904834.714428
   40.05 1935.001079 3744229.175908
   40.10 -491.188121 241265.770686
   40.15 -753.383860 567587.240039
   40.20 1161.227029 1348448.212389
   40.25 -4062.696779 16505505.119523
   40.30 -239.939563 57570.994129
   40.35 673.819533 454032.762811
   40.40 3564.640884 12706664.632044
   40.45 -916.302890 839610.986676
   40.50 1104.368575 1219629.948559
   40.55 1736.684851 3016074.272539
   40.60 530.169195 281079.375155
   40.65 -352.732201 124420.005711
   40.70 2107.169522 4440163.396460
   40.75 2254.361082 5082143.886053
   40.80 2868.628057 8229026.930764
   40.85 1553.065516 2412012.496995
   40.90 4067.447463 16544128.863292
   40.95 1176.277688 1383629.198224
   41.00 438.820088 192563.069913
   41.05 1483.327290 2200259.849296
   41.10 2168.584457 4702758.547233
   41.15 2285.101424 5221688.519267
   41.20 -1818.555157 3307142.859667
   41.25 1568.230883 2459348.101752
   41.30 -846.679210 716865.685488
   41.35 2738.624430 7500063.768224
   41.40 728.333919 530470.297996
   41.45 374.614256 140335.840771
   41.50 298.429675 89060.271107
   41.55 -768.408914 590452.258569
   41.60 364.979813 133210.263973
   41.65 2630.823066 6921230.005009
   41.70 3995.884124 15967089.931721
   41.75 -2257.625740 5096873.982680
   41.80 489.222897 239339.043420
   41.85 1384.485362 1916799.718527
   41.90 1600.617256 2561975.600001
   41.95 2454.077835 6022498.021835
   42.00 5575.508684 31086297.084413
   42.05 5187.483897 26909989.180671
   42.10 376.943705 142086.557008
   42.15 -74.576284 5561.622100
   42.20 2355.053803 5546278.415657
   42.25 505.724476 255757.245957
   42.30 -1145.683418 1312590.493595
   42.35 200.974157 40390.611710
   42.40 -1793.010503 3214886.664886
   42.45 -1278.134291 1633627.266170
   42.50 -681.832181 464895.122968
   42.55 743.192229 552334.689607
   42.60 1406.598129 1978518.297061
   42.65 1714.923734 2940963.413590
   42.70 38.932104 1515.708748
   42.75 -43.924501 1929.361823
   42.80 -197.514741 39012.072757
   42.85 3508.423990 12309038.894189
   42.90 1954.569849 3820343.296019
   42.95 431.452053 186150.874449
   43.00 1582.697594 2504931.673576
   43.05 -489.144417 239262.260939
   43.10 902.431909 814383.350540
   43.15 1340.253585 1796279.673323
   43.20 247.861657 61435.401149
   43.25 1310.843076 1718309.569528
   43.30 -727.421760 529142.416754
   43.35 -206.617225 42690.677866
   43.40 1909.339328 3645576.670676
   43.45 302.217130 91335.193414
   43.50 -2671.203073 7135325.858707
   43.55 -1540.293739 2372504.803656
   43.60 331.426740 109843.684242
   43.65 -1030.752761 1062451.254868
   43.70 -1333.459864 1778115.207906
   43.75 -724.186533 524446.134437
   43.80 2429.957275 5904692.358337
   43.85 1816.955362 3301326.786816
   43.90 1678.927529 2818797.648059
   43.95 1825.786914 3333497.854235
   44.00 704.546262 496385.434744
   44.05 1356.829632 1840986.650351
   44.10 89.831945 8069.778353
   44.15 -1699.854366 2889504.866414
   44.20 1401.454776 1964075.488341
   44.25 2118.044656 4486113.164547
   44.30 -2004.833112 4019355.808649
   44.35 2234.575438 4993327.386776
   44.40 -734.440197 539402.403031
   44.45 -4305.441544 18536826.886918
   44.50 -1318.278956 1737859.404865
   44.55 928.801708 862672.612246
   44.60 2592.579237 6721467.102197
   44.65 319.574910 102128.123247
   44.70 -571.382740 326478.235366
   44.75 1533.178296 2350635.686077
   44.80 -384.435047 147790.305690
   44.85 -2179.346275 4749550.185024
   44.90 3877.281101 15033308.738001
   44.95 -3012.853921 9077288.748377
   45.00 708.201190 501548.925738
   45.05 -1798.085722 3233112.262394
   45.10 -5657.233694 32004293.066472
   45.15 564.181092 318300.304407
   45.20 1521.952966 2316340.829851
   45.25 3169.063388 10042962.759793
   45.30 -1938.465496 3757648.479002
   45.35 4575.871349 20938598.601424
   45.40 375.677593 141133.653525
   45.45 1533.457681 2351492.460138
   45.50 1797.255380 3230126.900753
   45.55 921.179889 848572.387379
   45.60 -673.754762 453945.478916
   45.65 1199.514354 1438834.684328
   45.70 4208.596628 17712285.574498
   45.75 -445.059938 198078.348506
   45.80 512.267233 262417.718462
   45.85 936.580470 877182.977126
   45.90 2774.710188 7699016.625451
   45.95 2116.606341 4480022.402568
   46.00 1249.579450 1561448.801312
   46.05 -204.734285 41916.127474
   46.10 2035.859661 4144724.557712
   46.15 117.578086 13824.606275
   46.20 3292.366658 10839678.208763
   46.25 1287.621179 1657968.300032
   46.30 3241.206338 10505418.523882
   46.35 2929.328904 8580967.826181
   46.40 1533.577959 2351861.357686
   46.45 1225.645103 1502205.919352
   46.50 582.608789 339433.001205
   46.55 2650.138757 7023235.431521
   46.60 2284.023359 5216762.704478
   46.65 2127.286263 4525346.844572
   46.70 3726.276440 13885136.109873
   46.75 595.978630 355190.527892
   46.80 367.738553 135231.643689
   46.85 -607.943034 369594.733125
   46.90 652.743982 426074.706606
   46.95 1465.327524 2147184.752626
   47.00 1900.989004 3613759.192933
   47.05 367.610903 135137.776339
   47.10 580.441846 336912.736601
   47.15 2642.068090 6980523.791648
   47.20 -1425.698403 2032615.935593
   47.25 -1824.235538 3327835.297697
   47.30 541.253421 292955.265670
   47.35 -1618.389348 2619184.081538
   47.40 1333.660881 1778651.344577
   47.45 384.292905 147681.037023
   47.50 1237.849218 1532270.686250
   47.55 168.998121 28560.364786
   47.60 -141.038152 19891.760280
   47.65 -716.293040 513075.718553
   47.70 465.044586 216266.467219
   47.75 -96.141494 9243.186803
   47.80 1259.222801 1585642.062633
   47.85 398.908371 159127.888696
   47.90 -761.988319 580626.198783
   47.95 2290.291386 5245434.633590
   48.00 353.314315 124831.005200
   48.05 -26.666177 711.085007
   48.10 156.660409 24542.483789
   48.15 2523.790479 6369518.380413
   48.20 -428.834176 183898.750560
   48.25 809.705444 655622.906331
   48.30 -985.915450 972029.273634
   48.35 -1418.762734 2012887.693992
   48.40 -1122.613245 1260260.498629
   48.45 1660.769049 2758153.833773
   48.50 2175.518658 4732881.431286
   48.55 537.286021 288676.268468
   48.60 2087.141621 4356160.146542
   48.65 1935.112356 3744659.830219
   48.70 1839.787926 3384819.611691
   48.75 2901.357791 8417877.029927
   48.80 -1106.022399 1223285.546499
   48.85 3798.641929 14429680.501986
   48.90 3077.418444 9470504.280834
   48.95 -131.023948 17167.274877
   49.00 1634.691219 2672215.382421
   49.05 435.707428 189840.962812
   49.10 1351.063635 1825372.945073
   49.15 386.522444 149399.599784
   49.20 2498.120576 6240606.413884
   49.25 1449.567347 2101245.493560
   49.30 -2298.411622 5282695.984415
   49.35 -60.933165 3712.850592
   49.40 -1479.187025 2187994.254433
   49.45 427.581587 182826.013926
   49.50 167.119425 27928.902135
   49.55 1309.049470 1713610.514650
   49.60 1068.949676 1142653.409283
   49.65 719.542009 517740.703006
   49.70 1990.302709 3961304.874595
   49.75 1653.635099 2734509.039112
   49.80 -29.724497 883.545713
   49.85 -599.323108 359188.187571
   49.90 1545.773868 2389416.850303
   49.95 2958.293154 8751498.385109
   50.00 2256.172856 5090315.955569
   50.05 1469.351900 2158995.005591
   50.10 2203.854813 4856976.036763
   50.15 118.607106 14067.645606
   50.20 659.297757 434673.533036
   50.25 1178.674432 1389273.415889
   50.30 -1717.615484 2950202.951037
   50.35 219.408154 48139.937997
   50.40 700.573417 490803.113018
   50.45 -1668.690147 2784526.805776
   50.50 275.003674 75627.020673
   50.55 -1240.655265 1539225.486147
   50.60 -2018.543254 4074516.867092
   50.65 1321.598225 1746621.868178
   50.70 153.319827 23506.969292
   50.75 -888.433703 789314.445138
   50.80 -618.111963 382062.398932
   50.85 -1118.156518 1250273.998482
   50.90 -1170.223309 1369422.592281
   50.95 2595.994986 6739189.968521
   51.00 2391.745712 5720447.548755
   51.05 -1527.129801 2332125.429170
   51.10 1486.556592 2209850.502309
   51.15 5101.892261 26029304.644613
   51.20 2431.035485 5909933.529039
   51.25 -422.607248 178596.885954
   51.30 -446.913323 199731.518336
   51.35 465.605900 216788.853801
   51.40 1654.886881 2738650.590119
   51.45 -1947.002911 3790820.333692
   51.50 1167.822763 1363810.006172
   51.55 -552.036395 304744.181272
   51.60 143.349489 20549.075896
   51.65 -179.931316 32375.278572
   51.70 2230.022962 4973002.413110
   51.75 -960.636543 922822.566921
   51.80 395.969830 156792.106019
   51.85 -888.036277 788608.429278
   51.90 305.120834 93098.723370
   51.95 2000.740466 4002962.411443
   52.00 993.989682 988015.488582
   52.05 495.995585 246011.619853
   52.10 275.935528 76140.415788
   52.15 1458.096164 2126044.424073
   52.20 1441.341560 2077465.494000
   52.25 -1428.139554 2039582.586976
   52.30 860.445519 740366.490701
   52.35 -285.510197 81516.072618
   52.40 -578.389066 334533.912158
   52.45 -3470.136593 12041847.976698
   52.50 926.413477 858241.929959
   52.55 693.541035 480999.167269
   52.60 1082.603107 1172029.488024
   52.65 994.224887 988483.126722
   52.70 1419.869719 2016030.019158
   52.75 383.714846 147237.082915
   52.80 523.627109 274185.349526
   52.85 4108.778551 16882061.184215
   52.90 377.506676 142511.290110
   52.95 2242.301281 5027915.035566
   53.00 1039.415270 1080384.103760
   53.05 -539.239470 290779.205793
   53.10 -686.504498 471288.425643
   53.15 -762.358178 581189.991326
   53.20 -2098.697392 4404530.744898
   53.25 2233.426584 4988194.305939
   53.30 790.146705 624331.816058
   53.35 1650.572735 2724390.352361
   53.40 1210.467346 1465231.196105
   53.45 787.487711 620136.895267
   53.50 -2335.633079 5455181.881709
   53.55 -3878.151367 15040058.028974
   53.60 961.748064 924959.339332
   53.65 -2234.431969 4992686.224614
   53.70 -899.551957 809193.723701
   53.75 -48.636840 2365.542205
   53.80 620.711137 385282.315192
   53.85 727.029540 528571.951996
   53.90 -951.285497 904944.097591
   53.95 -1543.302282 2381781.932976
   54.00 -1252.095673 1567743.575092
   54.05 516.134360 266394.677681
   54.10 26.541674 704.460483
   54.15 1307.617398 1709863.260259
   54.20 4172.614434 17410711.214961
   54.25 3988.786291 15910416.072922
   54.30 1426.439299 2034729.072995
   54.35 2148.482153 4615975.561474
   54.40 887.466481 787596.754732
   54.45 3213.009657 10323431.053796
   54.50 -1274.427067 1624164.348128
   54.55 1196.587935 1431822.686062
   54.60 -570.230232 325162.517075
   54.65 -2258.070802 5098883.747473
   54.70 -451.778143 204103.490893
   54.75 2217.834308 4918789.017273
   54.80 2274.243193 5172182.099627
   54.85 1554.052095 2415077.913755
   54.90 426.013305 181487.336327
   54.95 789.570518 623421.602838
   55.00 -1947.786449 3793872.050133
   55.05 -1198.553499 1436530.489354
   55.10 3389.902450 11491438.618923
   55.15 2427.146598 5891040.608923
   55.20 -788.761891 622145.321363
   55.25 732.712433 536867.509408
   55.30 -816.196306 666176.409363
   55.35 2068.491491 4278657.047044
   55.40 1937.485718 3753850.905889
   55.45 3425.050753 11730972.658040
   55.50 -1729.850811 2992383.827230
   55.55 -3429.745711 11763155.644930
   55.60 679.633316 461901.444310
   55.65 1443.302929 2083123.343705
   55.70 -742.675393 551566.739353
   55.75 -930.482188 865797.101817
   55.80 1430.654059 2046771.036422
   55.85 -222.760436 49622.211736
   55.90 1106.364757 1224042.975314
   55.95 3620.245104 13106174.614513
   56.00 -1039.475722 1080509.777127
   56.05 2930.188192 8586002.840449
   56.10 -2026.247216 4105677.778593
   56.15 1911.240718 3652841.083291
   56.20 -34.191631 1169.067635
   56.25 -2789.333643 7780382.171616
   56.30 -3150.963628 9928571.787082
   56.35 165.092351 27255.484397
   56.40 -1277.658086 1632410.184327
   56.45 -1252.717538 1569301.230818
   56.50 861.743885 742602.522556
   56.55 2176.323807 4736385.311453
   56.60 2562.350756 6565641.397261
   56.65 214.289244 45919.880042
   56.70 186.485581 34776.872073
   56.75 406.030029 164860.384744
   56.80 -1329.300725 1767040.416355
   56.85 2784.552108 7753730.439680
   56.90 4321.268564 18673361.999018
   56.95 -772.682757 597038.643080
   57.00 3399.189999 11554492.647067
   57.05 -33.066929 1093.421807
   57.10 516.493649 266765.689087
   57.15 -987.965951 976076.720303
   57.20 1306.604591 1707215.558233
   57.25 2060.836741 4247048.071254
   57.30 2522.197940 6361482.448773
   57.35 -1307.778318 1710284.127781
   57.40 -215.263604 46338.419342
   57.45 -610.996730 373317.004562
   57.50 1436.013366 2062134.387910
   57.55 1955.849796 3825348.425446
   57.60 -647.844256 419702.180129
   57.65 1772.466341 3141636.930944
   57.70 1056.637530 1116482.870661
   57.75 1694.486592 2871284.810571
   57.80 1364.284966 1861273.468753
   57.85 -572.391836 327632.414227
   57.90 -3289.983150 10823989.127720
   57.95 -391.046510 152917.372660
   58.00 236.167056 55774.878115
   58.05 945.080107 893176.407889
   58.10 4006.236233 16049928.751707
   58.15 -1076.535737 1158929.193288
   58.20 986.030162 972255.479668
   58.25 1521.801469 2315879.711869
   58.30 -258.661931 66905.994714
   58.35 228.615503 52265.048174
   58.40 2130.005104 4536921.740994
   58.45 1407.803699 1981911.255076
   58.50 1626.139514 2644329.720105
   58.55 -51.636904 2666.369844
   58.60 -82.432850 6795.174703
   58.65 1817.213413 3302264.589862
   58.70 -694.767240 482701.517459
   58.75 310.689821 96528.165011
   58.80 2504.582535 6272933.675458
   58.85 -282.796688 79973.966877
   58.90 -1154.027557 1331779.601611
   58.95 7.699626 59.284244
   59.00 -370.356323 137163.806321
   59.05 -1182.750612 1398899.011291
   59.10 -1083.449546 1173862.919239
   59.15 2243.654079 5033983.624766
   59.20 -62.346674 3887.107724
   59.25 -2064.838907 4263559.709955
   59.30 11.231136 126.138426
   59.35 1290.258737 1664767.609131
   59.40 -2307.680024 5325387.094412
   59.45 -291.614767 85039.172544
   59.50 -2092.556978 4378794.704216
   59.55 -847.545911 718334.070983
   59.60 -2948.294214 8692438.770297
   59.65 3278.509531 10748624.746932
   59.70 313.376195 98204.639839
   59.75 -844.018342 712366.960858
   59.80 4210.955501 17732146.227838
   59.85 1233.298967 1521026.342153
   59.90 1849.297193 3419900.109165
   59.95 -529.704874 280587.253571
   60.00 -920.888458 848035.552703
   60.05 -2261.075976 5112464.570197
   60.10 2088.317129 4361068.429544
   60.15 2511.324765 6306752.074666
   60.20 351.141506 123300.357509
   60.25 -115.645860 13373.965033
   60.30 814.439764 663312.129496
   60.35 -1332.983993 1776846.324612
   60.40 -297.185402 88319.163454
   60.45 2797.525138 7826146.899050
   60.50 2931.823519 8595589.148678
   60.55 -2878.974625 8288494.892725
   60.60 -1965.613453 3863636.244777
   60.65 -2762.784983 7632980.864611
   60.70 -1363.658410 1859564.259332
   60.75 95.674460 9153.602308
   60.80 921.312972 848817.591722
   60.85 -375.503752 141003.068071
   60.90 1517.955479 2304188.837543
   60.95 2791.182518 7790699.851147
   61.00 4568.301490 20869378.502822
   61.05 -216.590773 46911.562931
   61.10 -1663.934067 2768676.579502
   61.15 347.716409 120906.700880
   61.20 -957.725190 917237.540280
   61.25 665.268926 442582.744249
   61.30 -1726.028933 2979175.876034
   61.35 1938.940775 3759491.327143
   61.40 -356.065758 126782.823918
   61.45 1405.566943 1975618.431114
   61.50 -209.833960 44030.290853
   61.55 -2397.532707 5748163.079154
   61.60 1365.114597 1863537.862129
   61.65 -1490.546346 2221728.408297
   61.70 505.773616 255806.950602
   61.75 585.543256 342860.904217
   61.80 -4140.768466 17145963.484924
   61.85 870.484058 757742.495998
   61.90 4157.576449 17285441.929713
   61.95 -1251.779979 1566953.114721
   62.00 546.552069 298719.163772
   62.05 1616.214989 2612150.889399
   62.10 -170.986219 29236.287113
   62.15 -2720.423636 7400704.758670
   62.20 2693.326918 7254009.884944
   62.25 -353.926331 125263.848091
   62.30 -4313.393273 18605361.525873
   62.35 -1214.171948 1474213.518810
   62.40 -2607.419306 6798635.439838
   62.45 -1349.256373 1820492.759369
   62.50 -593.000000 351649.000000
   62.55 2678.102288 7172231.862383
   62.60 4253.587835 18093009.471416
   62.65 1760.359490 3098865.532662
   62.70 761.254347 579508.180836
   62.75 -2236.597058 5002366.399442
   62.80 1796.820124 3228562.557796
   62.85 -1051.588062 1105837.451861
   62.90 -189.401932 35873.091894
   62.95 -2412.472857 5820025.284711
   63.00 1750.370256 3063796.032064
   63.05 -1028.004216 1056792.668308
   63.10 316.199570 99982.168354
   63.15 -453.033292 205239.163375
   63.20 -1628.985802 2653594.742202
   63.25 -1483.401274 2200479.340677
   63.30 -1.520169 2.310914
   63.35 1548.312734 2397272.323230
   63.40 657.946917 432894.145170
   63.45 2885.065850 8323604.961486
   63.50 -1466.478923 2150560.431786
   63.55 598.043115 357655.567294
   63.60 -1868.467948 3491172.471750
   63.65 1.185308 1.404955
   63.70 -463.223601 214576.104215
   63.75 -31.512881 993.061678
   63.80 -1538.596821 2367280.176658
   63.85 155.743001 24255.882228
   63.90 116.372968 13542.667660
   63.95 -344.391843 118605.741417
   64.00 -1653.998142 2735709.852845
   64.05 -1849.387380 3420233.682757
   64.10 1626.491427 2645474.362503
   64.15 -2197.032224 4826950.593690
   64.20 -642.870230 413282.132234
   64.25 -2840.145050 8066423.903864
   64.30 -1005.435440 1010900.423417
   64.35 952.448666 907158.462080
   64.40 1628.662276 2652540.807956
   64.45 -981.456744 963257.340246
   64.50 -2260.566885 5110162.642984
   64.55 1237.061319 1530320.705891
   64.60 -556.965507 310210.576141
   64.65 3387.189626 11473053.559942
   64.70 -855.980731 732703.011532
   64.75 -1659.261470 2753148.626946
   64.80 -1509.710307 2279225.212467
   64.85 -1509.063685 2277273.205867
   64.90 173.196077 29996.881230
   64.95 854.494538 730160.914862
   65.00 -4062.456615 16503553.752721
   65.05 812.984204 660943.316481
   65.10 911.323309 830510.173079
   65.15 81.309608 6611.252347
   65.20 2135.290467 4559465.379812
   65.25 -505.921357 255956.419065
   65.30 -3538.887058 12523721.611598
   65.35 -2052.199662 4211523.451317
   65.40 -729.327347 531918.378644
   65.45 180.336267 32521.169069
   65.50 -528.839037 279670.726992
   65.55 817.597047 668464.931663
   65.60 320.606437 102788.487180
   65.65 -3086.237743 9524863.404761
   65.70 840.922075 707149.936059
   65.75 538.321443 289789.976307
   65.80 1455.476568 2118412.041197
   65.85 25.927307 672.225233
   65.90 -987.882072 975910.987569
   65.95 2899.539126 8407327.142441
   66.00 1656.377365 2743585.974170
   66.05 3021.612837 9130144.135166
   66.10 1472.494637 2168240.456083
   66.15 -888.586394 789585.779068
   66.20 -37.939471 1439.403486
   66.25 -910.689308 829355.014980
   66.30 -1578.942016 2493057.888667
   66.35 1317.880256 1736808.369288
   66.40 1555.423883 2419343.456425
   66.45 -237.613656 56460.249371
   66.50 1828.825429 3344602.448559
   66.55 -1369.977209 1876837.552578
   66.60 3356.607064 11266810.983919
   66.65 -1820.704156 3314963.624571
   66.70 1394.439772 1944462.276978
   66.75 -2200.975466 4844293.002309
   66.80 831.167193 690838.902971
   66.85 180.533989 32592.521194
   66.90 85.355155 7285.502426
   66.95 -907.836539 824167.181911
   67.00 -577.236726 333202.238144
   67.05 701.324651 491856.265555
   67.10 -3007.233953 9043456.049571
   67.15 292.538713 85578.898568
   67.20 2281.505667 5205268.107588
   67.25 495.355025 245376.600559
   67.30 273.845567 74991.394716
   67.35 1266.623089 1604334.049197
   67.40 -1284.293464 1649409.701972
   67.45 816.724910 667039.578372
   67.50 -111.175821 12360.063245
   67.55 -1082.874711 1172617.639365
   67.60 -2490.791928 6204044.428739
   67.65 1758.111304 3090955.355600
   67.70 1010.036293 1020173.312483
   67.75 -199.624128 39849.792327
   67.80 -986.885195 973942.388859
   67.85 -115.738096 13395.306830
   67.90 -519.646722 270032.715513
   67.95 1788.615103 3199143.984919
   68.00 -557.487284 310792.072231
   68.05 -3740.902747 13994353.361400
   68.10 2004.874284 4019520.893805
   68.15 172.676057 29817.020612
   68.20 -2189.159362 4792418.712836
   68.25 -1521.985464 2316439.753222
   68.30 -75.149774 5647.488480
   68.35 -603.726603 364485.810594
   68.40 -168.256794 28310.348761
   68.45 -992.992965 986035.028539
   68.50 282.632390 79881.067913
   68.55 -246.366598 60696.500447
   68.60 1009.900505 1019899.029683
   68.65 -406.113514 164928.186177
   68.70 141.053500 19896.089956
   68.75 2173.184555 4722731.108620
   68.80 -1310.070348 1716284.316131
   68.85 2030.653592 4123554.012448
   68.90 464.139205 215425.202018
   68.95 996.187722 992389.976749
   69.00 -3283.980640 10784528.842749
   69.05 -2698.993166 7284564.110682
   69.10 2460.297057 6053061.610434
   69.15 -502.934848 252943.461383
   69.20 1285.366828 1652167.882984
   69.25 -603.714854 364471.625478
   69.30 780.852368 609730.420346
   69.35 1501.411050 2254235.142541
   69.40 -1088.022976 1183793.996849
   69.45 1372.769034 1884494.822056
   69.50 -1778.166758 3161877.020941
   69.55 -423.347104 179222.770063
   69.60 977.944622 956375.683082
   69.65 -1272.350889 1618876.785204
   69.70 -120.350517 14484.246897
   69.75 72.349576 5234.461081
   69.80 765.950770 586680.581759
   69.85 1521.493285 2314941.815545
   69.90 -1446.065578 2091105.655358
   69.95 1130.906025 1278948.438253
   70.00 326.502018 106603.567851
   70.05 3223.578134 10391455.988694
   70.10 793.192787 629154.797566
   70.15 1466.394869 2150313.910703
   70.20 1869.294368 3494261.435630
   70.25 -1034.330295 1069839.158343
   70.30 4545.455375 20661164.570456
   70.35 266.944512 71259.372610
   70.40 -446.897753 199717.601801
   70.45 152.406864 23227.852054
   70.50 -253.078097 64048.523194
   70.55 -197.287036 38922.174442
   70.60 -1445.079787 2088255.591848
   70.65 -1242.936263 1544890.554230
   70.70 669.697442 448494.663230
   70.75 1315.920381 1731646.448884
   70.80 795.285822 632479.538098
   70.85 -3284.010751 10784726.615000
   70.90 -1586.782043 2517877.251879
   70.95 -2806.446816 7876143.728572
   71.00 7.419919 55.055205
   71.05 -660.716364 436546.113896
   71.10 764.828917 584963.271783
   71.15 211.765415 44844.591156
   71.20 -155.456345 24166.675326
   71.25 125.692051 15798.491588
   71.30 1763.461334 3109795.875426
   71.35 705.260587 497392.496069
   71.40 -2865.874895 8213238.915683
   71.45 -1616.477199 2612998.534050
   71.50 277.511524 77012.645698
   71.55 405.970271 164811.860590
   71.60 -1947.495249 3792737.744536
   71.65 941.144352 885752.692175
   71.70 93.017810 8652.313062
   71.75 1027.985539 1056754.267369
   71.80 1989.478286 3958023.849646
   71.85 -1346.961611 1814305.581636
   71.90 -47.514701 2257.646818
   71.95 -2667.658467 7116401.696887
   72.00 2571.131497 6610717.173330
   72.05 1653.286981 2733357.840444
   72.10 -352.400633 124186.205975
   72.15 -1912.105410 3656147.099330
   72.20 -1492.848821 2228597.601682
   72.25 2309.087860 5331886.745618
   72.30 -764.310508 584170.552733
   72.35 1246.003533 1552524.803948
   72.40 2293.770753 5261384.268068
   72.45 362.746389 131584.942668
   72.50 -1491.923237 2225834.944255
   72.55 1054.351488 1111657.060547
   72.60 1448.707192 2098752.527566
   72.65 -992.206022 984472.791077
   72.70 2847.380345 8107574.826957
   72.75 2595.906981 6738733.056454
   72.80 1784.316906 3183786.821057
   72.85 339.183627 115045.532505
   72.90 -268.162868 71911.323874
   72.95 -1849.773052 3421660.344454
   73.00 -1415.610722 2003953.717086
   73.05 -3786.691643 14339033.601949
   73.10 1824.604223 3329180.569982
   73.15 -493.673291 243713.317801
   73.20 -888.084535 788694.142088
   73.25 -2218.865171 4923362.646322
   73.30 900.807017 811453.282674
   73.35 1300.563128 1691464.450480
   73.40 -864.494271 747350.343944
   73.45 1846.351796 3409014.955490
   73.50 -1893.922400 3586942.059103
   73.55 -1969.394000 3878512.727691
   73.60 -511.262645 261389.492456
   73.65 62.433847 3897.985227
   73.70 -489.939939 240041.143597
   73.75 -798.449459 637521.538478
   73.80 -2851.530299 8131225.045873
   73.85 -886.593460 786047.963222
   73.90 1254.311796 1573298.082738
   73.95 1914.856973 3666677.228420
   74.00 1555.963106 2421021.187867
   74.05 362.796643 131621.404492
   74.10 -2648.318883 7013592.906431
   74.15 -417.277199 174120.260768
   74.20 -1530.680686 2342983.363054
   74.25 -835.245471 697634.997277
   74.30 -2111.378160 4457917.735449
   74.35 -2654.436475 7046032.999686
   74.40 -3947.842849 15585463.163938
   74.45 1898.986096 3606148.193430
   74.50 -1754.335743 3077693.899802
   74.55 1272.137581 1618334.023898
   74.60 210.928221 44490.714295
   74.65 -2162.702711 4677283.014364
   74.70 -629.879231 396747.846224
   74.75 170.123708 28942.076071
   74.80 -285.977380 81783.062009
   74.85 -1824.179644 3327631.374304
   74.90 -387.433598 150104.792987
   74.95 -1139.268711 1297933.196048
   75.00 -1850.016455 3422560.882794
   75.05 -1794.711708 3220990.114175
   75.10 -3449.350366 11898017.947927
   75.15 1539.740192 2370799.857942
   75.20 2446.729665 5986486.051990
   75.25 5140.969637 26429568.807969
   75.30 3280.084861 10758956.694434
   75.35 -557.583604 310899.475079
   75.40 1850.005166 3422519.113265
   75.45 -2914.544254 8494568.208771
   75.50 -978.224791 956923.742267
   75.55 39.279883 1542.909171
   75.60 -1102.370501 1215220.721878
   75.65 -288.744861 83373.594514
   75.70 937.146187 878242.976472
   75.75 549.717393 302189.211917
   75.80 2439.150578 5949455.539817
   75.85 -59.456022 3535.018592
   75.90 -781.259816 610366.899865
   75.95 -580.676067 337184.694670
   76.00 891.984789 795636.862930
   76.05 252.876217 63946.381323
   76.10 709.486403 503370.956016
   76.15 308.983233 95470.637970
   76.20 214.548998 46031.272512
   76.25 -936.983651 877938.362685
   76.30 -1962.903062 3852988.430928
   76.35 2334.492155 5449853.619666
   76.40 -55.318952 3060.186461
   76.45 -1954.462756 3819924.664547
   76.50 -914.339466 836016.659770
   76.55 -2503.591641 6267971.105683
   76.60 2301.032216 5294749.258860
   76.65 -2604.037232 6781009.907598
   76.70 -754.118128 568694.150568
   76.75 776.996318 603723.277525
   76.80 2430.642412 5908022.536939
   76.85 692.990207 480235.427326
   76.90 -938.957097 881640.430318
   76.95 1338.456630 1791466.150344
   77.00 -870.865180 758406.161118
   77.05 -1055.267719 1113589.959483
   77.10 -60.728112 3687.903552
   77.15 -1987.859007 3951583.432159
   77.20 -87.670895 7686.185907
   77.25 -2180.142229 4753020.138845
   77.30 -592.675939 351264.769085
   77.35 -946.675154 896193.847771
   77.40 -2945.074492 8673463.765225
   77.45 1063.379118 1130775.148233
   77.50 1502.025531 2256080.695669
   77.55 646.082640 417422.777552
   77.60 1353.324354 1831486.806326
   77.65 349.451596 122116.418146
   77.70 950.679024 903790.606955
   77.75 2028.177119 4113502.427048
   77.80 -1053.710203 1110305.192948
   77.85 628.907355 395524.460843
   77.90 -1847.789157 3414324.770125
   77.95 2268.047269 5144038.414625
   78.00 1146.398904 1314230.447909
   78.05 853.179245 727914.823315
   78.10 -524.903680 275523.872753
   78.15 -371.063324 137687.990151
   78.20 -499.943658 249943.660997
   78.25 -1327.298889 1761722.339593
   78.30 473.330881 224042.123144
   78.35 788.184487 621234.785820
   78.40 -1216.876621 1480788.711008
   78.45 -314.006106 98599.834600
   78.50 -532.252364 283292.578949
   78.55 -1010.935622 1021990.831854
   78.60 -1311.574568 1720227.847951
   78.65 1994.752300 3979036.737791
   78.70 1626.284891 2644802.547575
   78.75 829.598421 688233.539625
   78.80 1922.291150 3695203.267188
   78.85 98.861257 9773.548071
   78.90 383.888529 147370.402734
   78.95 -2948.677808 8694700.812849
   79.00 -180.401298 32544.628374
   79.05 2889.138511 8347121.337373
   79.10 254.543544 64792.415943
   79.15 -1054.940720 1112899.922276
   79.20 -214.632859 46067.264370
   79.25 -18.799470 353.420084
   79.30 711.511174 506248.150820
   79.35 -3540.734307 12536799.434748
   79.40 -858.329363 736729.295003
   79.45 2650.886519 7027199.336859
   79.50 -2040.612735 4164100.334572
   79.55 531.250775 282227.386197
   79.60 -2579.581729 6654241.898182
   79.65 1690.268389 2857007.225517
   79.70 1463.441247 2141660.283579
   79.75 -1450.561329 2104128.168041
   79.80 1601.677790 2565371.742100
   79.85 -1414.486464 2000771.958233
   79.90 1756.648643 3085814.454105
   79.95 118.398623 14018.233986
   80.00 2826.552314 7989397.986247
   80.05 -1056.679354 1116571.256827
   80.10 -744.672194 554536.676708
   80.15 1023.783471 1048132.594934
   80.20 -1054.355260 1111665.015236
   80.25 2792.487104 7797984.224295
   80.30 -391.793709 153502.310478
   80.35 367.152757 134801.147157
   80.40 1890.567623 3574245.938475
   80.45 1483.116112 2199633.400752
   80.50 -717.342316 514579.997636
   80.55 -3322.906268 11041706.065586
   80.60 -77.043360 5935.679321
   80.65 -2727.132892 7437253.809884
   80.70 -2830.586876 8012222.062143
   80.75 1860.367819 3460968.422966
   80.80 -1418.229816 2011375.811228
   80.85 4606.600034 21220763.869368
   80.90 -1319.550051 1741212.337750
   80.95 59.803090 3576.409563
   81.00 1700.638749 2892172.156133
   81.05 389.004997 151324.887847
   81.10 -1133.664477 1285195.147154
   81.15 1064.744649 1133681.167460
   81.20 1839.432043 3383510.240335
   81.25 -421.262845 177462.384740
   81.30 -650.996091 423795.910058
   81.35 66.696856 4448.470607
   81.40 -893.522681 798382.780889
   81.45 169.586778 28759.675312
   81.50 -1471.698295 2165895.872883
   81.55 -214.490630 46006.230419
   81.60 3890.844001 15138667.040000
   81.65 -534.159028 285325.866925
   81.70 -1623.767989 2636622.480868
   81.75 827.428128 684637.307805
   81.80 -2431.635749 5912852.414029
   81.85 2920.612741 8529978.782038
   81.90 -2049.207073 4199249.626112
   81.95 2363.892187 5587986.273354
   82.00 -1155.917310 1336144.826714
   82.05 3957.959818 15665445.924164
   82.10 -2925.373167 8557808.166496
   82.15 -2288.589195 5237640.503859
   82.20 -3032.729958 9197450.997990
   82.25 -899.361831 808851.702738
   82.30 -143.342811 20547.161470
   82.35 -277.051307 76757.426875
   82.40 372.634822 138856.710833
   82.45 -1146.669080 1314849.978071
   82.50 310.498409 96409.262113
   82.55 95.732794 9164.767919
   82.60 -822.174946 675971.641685
   82.65 -1492.889458 2228718.935170
   82.70 1646.894867 2712262.702048
   82.75 -1455.365707 2118089.340659
   82.80 -559.254268 312765.335779
   82.85 -123.355043 15216.466698
   82.90 343.939099 118294.104085
   82.95 -537.799411 289228.206907
   83.00 -285.781168 81670.876043
   83.05 2775.697156 7704494.704598
   83.10 2833.749710 8030137.416838
   83.15 1042.431003 1086662.396077
   83.20 -197.230414 38899.836373
   83.25 1383.315121 1913560.724374
   83.30 -2471.486043 6108243.258523
   83.35 -863.042822 744842.912334
   83.40 -156.279393 24423.248724
   83.45 651.825899 424877.003107
   83.50 149.416411 22325.263930
   83.55 1819.840634 3311819.932752
   83.60 -106.670781 11378.655451
   83.65 -1156.047726 1336446.344723
   83.70 424.673051 180347.200166
   83.75 -1247.216813 1555549.777679
   83.80 1317.678649 1736277.021824
   83.85 -692.347372 479344.883820
   83.90 2852.854945 8138781.338897
   83.95 333.068595 110934.688939
   84.00 1377.077516 1896342.486377
   84.05 -1643.210400 2700140.417223
   84.10 -414.373831 171705.671851
   84.15 1127.213356 1270609.950391
   84.20 -414.759714 172025.620265
   84.25 -566.748156 321203.472217
   84.30 1545.067650 2387234.043022
   84.35 -776.133158 602382.679285
   84.40 -1153.727557 1331087.276529
   84.45 -157.744450 24883.311527
   84.50 3983.761957 15870359.331047
   84.55 -1537.602175 2364220.447122
   84.60 -440.804514 194308.619445
   84.65 -498.785322 248786.797664
   84.70 -1349.693036 1821671.291979
   84.75 -1004.688864 1009399.713386
   84.80 53.923175 2907.708766
   84.85 -820.750666 673631.654954
   84.90 3876.356089 15026136.532036
   84.95 1482.743160 2198527.277815
   85.00 -1258.561787 1583977.772795
   85.05 -999.443955 998888.219281
   85.10 -3294.187749 10851672.925891
   85.15 -1335.233864 1782849.472465
   85.20 912.891855 833371.539679
   85.25 -2403.116001 5774966.515164
   85.30 2228.091528 4964391.859254
   85.35 -1210.620841 1465602.820827
   85.40 -3264.189671 10654934.208489
   85.45 -3126.723047 9776397.015610
   85.50 -2023.432899 4094280.695876
   85.55 -2957.596361 8747376.234294
   85.60 2942.268511 8656943.992169
   85.65 -948.971251 900546.435159
   85.70 287.181790 82473.380786
   85.75 -20.024325 400.973605
   85.80 -4033.672694 16270515.405055
   85.85 3378.519794 11414395.995532
   85.90 -1572.625338 2473150.453651
   85.95 -1193.839133 1425251.875953
   86.00 1949.187256 3799330.960581
   86.05 -1729.998344 2992894.269770
   86.10 -2502.792432 6263969.959499
   86.15 2052.801486 4213993.941661
   86.20 1001.820704 1003644.723805
   86.25 -487.438295 237596.091063
   86.30 -1998.286919 3993150.612214
   86.35 766.527456 587564.340864
   86.40 -1112.420752 1237479.930487
   86.45 -2325.242764 5406753.913567
   86.50 -1059.391248 1122309.817311
   86.55 -2921.508988 8535214.764811
   86.60 -506.670183 256714.674154
   86.65 -2838.314713 8056030.411867
   86.70 478.334083 228803.495388
   86.75 -1947.978863 3794621.652498
   86.80 -2227.512420 4961811.581242
   86.85 1859.046615 3456054.316815
   86.90 472.861982 223598.453775
   86.95 2819.561769 7949928.567309
   87.00 1105.051005 1221137.724118
   87.05 -160.720952 25831.224569
   87.10 -608.235385 369950.283476
   87.15 -545.772907 297868.066511
   87.20 2591.393675 6715321.178331
   87.25 -776.436909 602854.273864
   87.30 5152.657003 26549874.188319
   87.35 -890.541791 793064.680634
   87.40 -2912.876646 8484850.357258
   87.45 -417.623835 174409.667253
   87.50 3204.843677 10271022.991434
   87.55 335.618204 112639.578652
   87.60 1255.554886 1576418.072344
   87.65 -641.101042 411010.546365
   87.70 1795.815865 3224954.622013
   87.75 -2163.928272 4682585.564881
   87.80 -2456.015001 6032009.683769
   87.85 -299.518385 89711.262875
   87.90 -599.779765 359735.766019
   87.95 2647.253818 7007952.777726
   88.00 1947.794004 3793901.480739
   88.05 -1428.878930 2041694.995939
   88.10 -2892.444106 8366232.908608
   88.15 -1772.578375 3142034.097066
   88.20 -2293.128056 5258436.281952
   88.25 -659.674624 435170.609563
   88.30 -764.422424 584341.642494
   88.35 -730.208595 533204.592328
   88.40 409.692986 167848.342704
   88.45 83.856759 7031.956012
   88.50 1952.050175 3810499.885128
   88.55 -120.149886 14435.995165
   88.60 244.013546 59542.610717
   88.65 -531.130785 282099.910458
   88.70 438.150410 191975.781951
   88.75 -306.637234 94026.393155
   88.80 -441.856686 195237.330688
   88.85 2287.647770 5233332.319680
   88.90 -1385.870748 1920637.729663
   88.95 991.084310 982248.109868
   89.00 1532.224768 2347712.738690
   89.05 1308.415590 1711951.357078
   89.10 -1491.047812 2223223.577614
   89.15 -680.204423 462678.056598
   89.20 267.226451 71409.976162
   89.25 -249.965830 62482.916078
   89.30 1604.324780 2573858.001120
   89.35 -1822.572876 3321771.889590
   89.40 -2764.403100 7641924.497552
   89.45 -1627.382197 2648372.816468
   89.50 227.882529 51930.446949
   89.55 1300.525051 1691365.408047
   89.60 -719.401508 517538.529509
   89.65 -87.083732 7583.576376
   89.70 364.080946 132554.935174
   89.75 -2457.707927 6040328.253296
   89.80 257.878572 66501.357899
   89.85 -1298.405350 1685856.453113
   89.90 -44.117766 1946.377279
   89.95 465.640875 216821.424312
   90.00 -3081.221316 9493924.798966
   90.05 1544.621286 2385854.915684
   90.10 -1962.712769 3852241.411763
   90.15 -1107.066129 1225595.413597
   90.20 -1079.949239 1166290.359091
   90.25 348.457659 121422.740121
   90.30 1852.994579 3433588.911456
   90.35 531.250032 282226.596788
   90.40 -879.102779 772821.695261
   90.45 -3283.717868 10782803.036383
   90.50 -2729.661874 7451053.944914
   90.55 -1825.648101 3332990.987263
   90.60 1543.061463 2381038.679821
   90.65 853.361690 728226.174197
   90.70 1076.054313 1157892.884396
   90.75 -154.948121 24008.920086
   90.80 -116.453986 13561.530751
   90.85 1515.272840 2296051.779547
   90.90 1389.752368 1931411.645005
   90.95 863.576656 745764.640609
   91.00 -198.664570 39467.611433
   91.05 -1793.059176 3215061.209863
   91.10 1930.797498 3727978.977025
   91.15 -1581.126636 2499961.439136
   91.20 -2278.627954 5192145.351579
   91.25 -591.300607 349636.407814
   91.30 -1838.582656 3380386.183899
   91.35 -1880.151567 3534969.916128
   91.40 -1927.152040 3713914.983527
   91.45 1098.647944 1207027.304542
   91.50 -235.343483 55386.554943
   91.55 -1261.841565 1592244.135128
   91.60 -3386.788649 11470337.350807
   91.65 1927.811315 3716456.468136
   91.70 -4133.194062 17083293.150619
   91.75 -1844.790863 3403253.327082
   91.80 -1493.501087 2230545.495916
   91.85 702.150635 493015.513601
   91.90 -578.353041 334492.239947
   91.95 -92.750642 8602.681572
   92.00 475.508832 226108.649586
   92.05 -1212.401661 1469917.786393
   92.10 -889.971474 792049.224803
   92.15 -722.761968 522384.862748
   92.20 -553.392252 306242.985068
   92.25 -2056.256492 4228190.762886
   92.30 2477.236372 6136700.042759
   92.35 -1166.977888 1361837.390315
   92.40 -1905.978629 3632754.534197
   92.45 1461.739191 2136681.463159
   92.50 757.123287 573235.671823
   92.55 -643.132111 413618.912347
   92.60 1515.109595 2295557.085637
   92.65 487.801128 237949.940695
   92.70 -383.739163 147255.745423
   92.75 -683.645310 467370.910054
   92.80 -911.987223 831720.694769
   92.85 -1643.071256 2699683.151836
   92.90 -1318.778074 1739175.607825
   92.95 10.194729 103.932503
   93.00 3394.139528 11520183.133140
   93.05 -712.812074 508101.052924
   93.10 -878.787569 772267.591830
   93.15 1993.178567 3972760.799774
   93.20 1022.870041 1046263.120516
   93.25 -235.321215 55376.074318
   93.30 398.035437 158432.208900
   93.35 -605.468487 366592.088708
   93.40 616.414463 379966.789823
   93.45 -2282.032693 5207673.213601
   93.50 -3149.277623 9917949.545814
   93.55 -710.546343 504876.105241
   93.60 -1780.208022 3169140.602771
   93.65 312.366640 97572.917872
   93.70 2725.126857 7426316.384323
   93.75 -310.337229 96309.195433
   93.80 -1286.241449 1654417.063914
   93.85 343.632800 118083.501478
   93.90 -1670.581165 2790841.427866
   93.95 1863.775626 3473659.584884
   94.00 -288.254528 83090.673148
   94.05 -4577.591632 20954345.145687
   94.10 -1376.700906 1895305.384306
   94.15 2459.985510 6051528.708268
   94.20 245.706658 60371.761981
   94.25 1670.924050 2791987.182136
   94.30 324.302358 105172.019422
   94.35 -2559.301003 6550021.622405
   94.40 -883.184646 780015.118103
   94.45 -202.720335 41095.534420
   94.50 358.604553 128597.225229
   94.55 -1059.315095 1122148.470482
   94.60 -1095.598187 1200335.387273
   94.65 2431.070248 5910102.550302
   94.70 -1195.760192 1429842.435607
   94.75 189.334101 35847.401800
   94.80 -1965.455060 3863013.594839
   94.85 -3053.129847 9321601.859886
   94.90 1438.613831 2069609.755706
   94.95 -1426.731783 2035563.581373
   95.00 381.366033 145440.051346
   95.05 -3090.127555 9548888.304817
   95.10 -405.717139 164606.396541
   95.15 -689.296002 475128.978445
   95.20 -796.902723 635053.950136
   95.25 -1539.068003 2368730.318332
   95.30 682.137885 465312.093559
   95.35 -1235.079639 1525421.715193
   95.40 -3089.132942 9542742.332457
   95.45 -1252.806889 1569525.101531
   95.50 -166.129744 27599.091691
   95.55 1296.936632 1682044.628222
   95.60 711.080346 505635.258561
   95.65 1729.765313 2992088.038693
   95.70 -1259.270675 1585762.632765
   95.75 -1400.546549 1961530.636305
   95.80 -2888.888902 8345679.088001
   95.85 1197.012006 1432837.742604
   95.90 645.945867 417246.063035
   95.95 -1546.602413 2391979.023771
   96.00 100.939906 10188.864717
   96.05 -1381.556135 1908697.354353
   96.10 -1716.047442 2944818.824000
   96.15 -929.227693 863464.104550
   96.20 -743.124409 552233.887939
   96.25 -385.639929 148718.154576
   96.30 -225.519036 50858.835538
   96.35 368.948537 136123.023161
   96.40 -465.249873 216457.443961
   96.45 2013.986024 4056139.705746
   96.50 -490.297987 240392.115761
   96.55 -1791.114304 3208090.449214
   96.60 219.376340 48125.978733
   96.65 -782.247686 611911.442817
   96.70 1256.230624 1578115.381034
   96.75 439.928663 193537.228611
   96.80 -1021.975760 1044434.454297
   96.85 -708.755879 502334.896685
   96.90 -1056.790948 1116807.107270
   96.95 992.476109 985008.826359
   97.00 1602.113990 2566769.235871
   97.05 -1588.711636 2524004.662926
   97.10 -3667.134087 13447872.410492
   97.15 273.722537 74924.027407
   97.20 223.441306 49926.017044
   97.25 -519.331684 269705.398400
   97.30 597.133861 356568.847749
   97.35 547.621584 299889.399273
   97.40 125.186618 15671.689415
   97.45 1228.552569 1509341.414655
   97.50 -447.772882 200500.554187
   97.55 -141.207436 19939.540061
   97.60 1020.680549 1041788.783213
   97.65 -54.547372 2975.415749
   97.70 -642.001197 412165.537158
   97.75 1349.527854 1821225.429461
   97.80 -924.109507 853978.380018
   97.85 -3323.122345 11043142.122872
   97.90 -1029.173296 1059197.673372
   97.95 1381.304035 1908000.836683
   98.00 1680.968659 2825655.631800
   98.05 1718.090489 2951834.928252
   98.10 1577.742845 2489272.485595
   98.15 1059.193937 1121891.795660
   98.20 -579.719939 336075.207310
   98.25 -2461.163779 6057327.145275
   98.30 -754.850534 569799.329152
   98.35 -3629.249656 13171453.067255
   98.40 1521.156214 2313916.226331
   98.45 1136.740376 1292178.681922
   98.50 -475.009794 225634.304275
   98.55 105.151471 11056.831888
   98.60 135.532601 18369.085950
   98.65 -2.658354 7.066848
   98.70 -775.114833 600803.003654
   98.75 264.637873 70033.204054
   98.80 95.707151 9159.858687
   98.85 528.798182 279627.517387
   98.90 3657.516342 13377425.791517
   98.95 -3133.034409 9815904.604849
   99.00 -1603.030989 2569708.350157
   99.05 -1004.688118 1009398.214079
   99.10 402.193049 161759.248732
   99.15 -380.929762 145107.483375
   99.20 -17.779090 316.096055
   99.25 -3772.268273 14230007.923781
   99.30 2050.059714 4202744.832494
   99.35 -594.441871 353361.137592
   99.40 -1968.774480 3876072.954024
   99.45 -904.522836 818161.561324
   99.50 -925.546205 856635.777881
   99.55 1869.983824 3496839.500292
   99.60 -645.298227 416409.801717
   99.65 109.699209 12033.916493
   99.70 518.947124 269306.117575
   99.75 -775.325779 601130.064228
   99.80 -3286.715093 10802496.100018
   99.85 -3616.603350 13079819.787639
   99.90 1306.730239 1707543.917751
   99.95 819.960921 672335.912018
  100.00 -2142.172856 4588904.544431
  100.05 178.371316 31816.326507
  100.10 2097.051402 4397624.580608
  100.15 1177.801185 1387215.632368
  100.20 3477.167276 12090692.263443
  100.25 -2423.427992 5873003.234209
  100.30 -244.294761 59679.930054
  100.35 -1018.067541 1036461.517957
  100.40 -1149.022833 1320253.471347
  100.45 -1969.765703 3879976.923439
  100.50 -1517.667348 2303314.177721
  100.55 -1485.206852 2205839.394480
  100.60 69.556745 4838.140815
  100.65 -251.047737 63024.966161
  100.70 -2437.397340 5940905.794958
  100.75 4015.523650 16124430.184151
  100.80 -285.788983 81675.342874
  100.85 -784.157745 614903.368455
  100.90 915.968009 838997.392762
  100.95 -1641.633269 2694959.789903
  101.00 -3212.591272 10320742.682222
  101.05 -3969.691150 15758447.823487
  101.10 1449.707411 2101651.576722
  101.15 358.197573 128305.501661
  101.20 1410.759922 1990243.557681
  101.25 -3055.348525 9335154.608063
  101.30 -784.965450 616170.757409
  101.35 2098.107815 4402056.401627
  101.40 1515.407426 2296459.668259
  101.45 1351.858128 1827520.399556
  101.50 548.469786 300819.105940
  101.55 60.264453 3631.804337
  101.60 -401.729163 161386.320223
  101.65 954.798042 911639.300205
  101.70 2146.509381 4607502.521099
  101.75 -344.059500 118376.939339
  101.80 -3917.128922 15343898.990508
  101.85 -222.995274 49726.892123
  101.90 -1862.794336 3470002.737714
  101.95 1184.787691 1403721.872301
  102.00 -137.198305 18823.374824
  102.05 -1099.350582 1208571.702872
  102.10 1112.186203 1236958.150301
  102.15 -1329.951900 1768772.054995
  102.20 1482.677827 2198333.538906
  102.25 455.816605 207768.777467
  102.30 2705.643394 7320506.175615
  102.35 -811.184215 658019.830489
  102.40 -214.040335 45813.265132
  102.45 -439.568938 193220.851643
  102.50 -272.682603 74355.801790
  102.55 -2517.463387 6337621.905764
  102.60 603.728100 364487.618967
  102.65 1981.228937 3925268.101225
  102.70 825.609040 681630.286813
  102.75 -818.246110 669526.695966
  102.80 2061.813021 4251072.933216
  102.85 1131.616500 1280555.902629
  102.90 -418.208881 174898.667816
  102.95 -3394.183522 11520481.778127
  103.00 -100.623857 10125.160603
  103.05 1739.058807 3024325.534284
  103.10 1377.878563 1898549.335191
  103.15 -1140.225456 1300114.091269
  103.20 1858.853693 3455337.052537
  103.25 -2267.012652 5139346.363909
  103.30 1264.844165 1599830.762006
  103.35 789.933384 623994.751293
  103.40 -1611.912131 2598260.716974
  103.45 -1209.909120 1463880.078332
  103.50 1445.557356 2089636.069469
  103.55 -321.338780 103258.611706
  103.60 128.051744 16397.249014
  103.65 96.010122 9217.943593
  103.70 -234.546115 55011.880149
  103.75 -3938.632615 15512826.878471
  103.80 -1382.711172 1911890.185721
  103.85 2188.874196 4791170.245680
  103.90 -1983.079426 3932604.010567
  103.95 -937.913137 879681.052316
  104.00 269.189654 72463.069970
  104.05 -2212.963057 4897205.490907
  104.10 167.204438 27957.324081
  104.15 -126.068029 15893.147888
  104.20 -2869.369631 8233282.078996
  104.25 714.410434 510382.267876
  104.30 118.878450 14132.085757
  104.35 -1281.154173 1641356.013932
  104.40 -2347.731455 5511842.986680
  104.45 617.833763 381718.558239
  104.50 167.712700 28127.549759
  104.55 -764.994791 585217.030060
  104.60 -2821.064140 7958402.879860
  104.65 121.470321 14755.038963
  104.70 -683.726181 467481.490221
  104.75 -2340.528720 5478074.688742
  104.80 -1579.317638 2494244.202645
  104.85 -1051.896703 1106486.674123
  104.90 -779.288592 607290.709242
  104.95 268.816958 72262.556908
  105.00 -1814.165569 3291196.712874
  105.05 -2552.330706 6514392.034240
  105.10 -1133.069382 1283846.223724
  105.15 -1007.968617 1016000.732448
  105.20 1140.365057 1300432.463548
  105.25 1612.665215 2600689.095986
  105.30 2288.291229 5236276.750225
  105.35 -1507.603904 2272869.532085
  105.40 38.848253 1509.186785
  105.45 1458.303880 2126650.205205
  105.50 -1712.585709 2932949.809470
  105.55 -2668.292347 7119784.047870
  105.60 -153.770346 23645.319405
  105.65 -1797.124585 3229656.774296
  105.70 -1048.681938 1099733.808005
  105.75 2506.802081 6284056.674191
  105.80 -689.859904 475906.686919
  105.85 -1572.970422 2474235.949800
  105.90 -4622.521718 21367707.030596
  105.95 -2054.036137 4219064.453637
  106.00 -921.758705 849639.110201
  106.05 339.414811 115202.413721
  106.10 -388.699438 151087.253418
  106.15 -2556.035242 6533316.155855
  106.20 439.582410 193232.694940
  106.25 1895.117952 3591472.051879
  106.30 -2772.572584 7687158.733622
  106.35 2771.621445 7681885.436493
  106.40 -1322.818745 1749849.431561
  106.45 -1719.682954 2957309.463988
  106.50 -2056.218814 4228035.810324
  106.55 -258.814859 66985.131071
  106.60 -820.633196 673438.842355
  106.65 528.829106 279660.223575
  106.70 647.237074 418915.830495
  106.75 -3029.988396 9180829.682004
  106.80 2097.672808 4400231.211267
  106.85 -374.314059 140111.014715
  106.90 2299.452985 5287484.028577
  106.95 -3289.980697 10823972.989286
  107.00 -2786.845461 7766507.620834
  107.05 1281.739727 1642856.726590
  107.10 -2486.399812 6182184.023403
  107.15 -754.607677 569432.745487
  107.20 -989.358490 978830.222169
  107.25 95.627768 9144.670081
  107.30 -402.653266 162129.652551
  107.35 484.100794 234353.578419
  107.40 -2477.034023 6135697.553555
  107.45 961.978846 925403.300158
  107.50 -1542.079396 2378008.865071
  107.55 28.190256 794.690525
  107.60 -1584.415169 2510371.427769
  107.65 -285.223066 81352.197113
  107.70 -726.341150 527571.466074
  107.75 -48.416980 2344.203948
  107.80 -1254.432874 1573601.836237
  107.85 207.947881 43242.321382
  107.90 412.120774 169843.532659
  107.95 2854.804255 8149907.333079
  108.00 1006.582991 1013209.317009
  108.05 -1544.620730 2385853.199916
  108.10 -1308.714338 1712733.218854
  108.15 -88.111323 7763.605266
  108.20 245.997821 60514.927819
  108.25 -3077.602506 9471637.184217
  108.30 -269.688510 72731.892310
  108.35 -3.845657 14.789078
  108.40 1880.913748 3537836.528282
  108.45 1604.818290 2575441.743129
  108.50 -347.304298 120620.275368
  108.55 949.864456 902242.484653
  108.60 -1694.015706 2869689.213653
  108.65 551.780527 304461.750218
  108.70 -2828.372368 7999690.253167
  108.75 -785.677326 617288.860866
  108.80 -2060.689291 4246440.352662
  108.85 2018.563875 4074600.118802
  108.90 -1770.517998 3134733.981167
  108.95 1056.405856 1115993.333541
  109.00 -2468.456082 6093275.426299
  109.05 -1937.024988 3752065.804930
  109.10 -2436.842035 5938199.102503
  109.15 -2853.208882 8140800.921914
  109.20 -1680.618281 2824477.807270
  109.25 -1679.949114 2822229.025629
  109.30 -1875.874433 3518904.890101
  109.35 2768.124353 7662512.434075
  109.40 1632.401615 2664735.031191
  109.45 -3416.095485 11669708.361280
  109.50 202.929974 41180.574531
  109.55 1144.199355 1309192.163991
  109.60 -3039.929562 9241171.739725
  109.65 51.417288 2643.737506
  109.70 2018.095570 4072709.729573
  109.75 752.482862 566230.458020
  109.80 473.796226 224482.863455
  109.85 -826.388645 682918.193145
  109.90 670.624883 449737.733521
  109.95 1800.960668 3243459.326420
  110.00 -4836.747422 23394125.625466
  110.05 1429.714140 2044082.523040
  110.10 804.862830 647804.175000
  110.15 1258.284569 1583280.057015
  110.20 -1409.258648 1986009.937229
  110.25 264.696204 70064.080649
  110.30 135.801338 18442.003506
  110.35 -3355.342783 11258325.193391
  110.40 -1359.041459 1846993.687604
  110.45 392.143612 153776.612710
  110.50 2269.855550 5152244.218889
  110.55 580.250856 336691.056162
  110.60 -943.367031 889941.354897
  110.65 467.689316 218733.296203
  110.70 269.787739 72785.424099
  110.75 1500.497976 2251494.176189
  110.80 75.174857 5651.259093
  110.85 3310.258479 10957811.195085
  110.90 1084.473624 1176083.042168
  110.95 1168.857695 1366228.310738
  111.00 -2835.819012 8041869.469380
  111.05 -1015.208930 1030649.170886
  111.10 533.318807 284428.950034
  111.15 625.945780 391808.119399
  111.20 1567.943875 2458447.994499
  111.25 -1741.014009 3031129.779304
  111.30 -1953.626419 3816656.186681
  111.35 3338.086619 11142822.272950
  111.40 -308.204865 94990.238546
  111.45 66.444657 4414.892434
  111.50 -2093.685095 4383517.277143
  111.55 1289.525399 1662875.754962
  111.60 458.088852 209845.396478
  111.65 -3.587052 12.866945
  111.70 441.982840 195348.831010
  111.75 -2173.580821 4724453.583906
  111.80 -2540.958897 6456472.114935
  111.85 -2288.690432 5238103.891317
  111.90 254.810709 64928.497610
  111.95 -1132.339147 1282191.944704
  112.00 -1725.748843 2978209.067729
  112.05 1048.659690 1099687.144663
  112.10 -3566.730924 12721569.485969
  112.15 -262.781063 69053.886980
  112.20 1442.722474 2081448.136155
  112.25 3431.118599 11772574.842683
  112.30 -3505.216301 12286541.318738
  112.35 2633.349359 6934528.846302
  112.40 -2528.523490 6393431.041342
  112.45 -320.826959 102929.937377
  112.50 470.270444 221154.290517
  112.55 2381.058736 5669440.705124
  112.60 -1238.626725 1534196.163190
  112.65 -318.293688 101310.872082
  112.70 -2571.181303 6610973.290473
  112.75 62.127234 3859.793177
  112.80 773.580272 598426.436508
  112.85 -663.155603 439775.353331
  112.90 -3271.697010 10704001.325528
  112.95 -1288.271685 1659643.934069
  113.00 -715.613768 512103.065359
  113.05 -1661.748817 2761409.129652
  113.10 514.209840 264411.759251
  113.15 -519.490730 269870.619049
  113.20 2782.412461 7741819.101026
  113.25 -1188.193188 1411803.051927
  113.30 1301.526809 1693972.035364
  113.35 -363.321231 132002.317115
  113.40 1348.328201 1817988.938661
  113.45 -1424.803201 2030064.160953
  113.50 1385.663877 1920064.380803
  113.55 -1412.009937 1993772.061586
  113.60 55.793930 3112.962590
  113.65 2549.882319 6501899.842622
  113.70 -2106.566136 4437620.886561
  113.75 -1711.734069 2930033.523593
  113.80 -2037.210071 4150224.872731
  113.85 1364.666906 1862315.763418
  113.90 -950.080367 902652.702980
  113.95 695.675723 483964.711413
  114.00 -761.519398 579911.793999
  114.05 -1532.268296 2347846.132051
  114.10 357.945666 128125.100115
  114.15 743.677265 553055.874031
  114.20 102.301391 10465.574590
  114.25 3533.567080 12486096.305347
  114.30 1500.786070 2252358.827989
  114.35 1817.789993 3304360.457484
  114.40 -2089.152821 4364559.511162
  114.45 -1813.563207 3289011.505726
  114.50 2527.123580 6386353.586961
  114.55 2050.053574 4202719.655799
  114.60 -283.966396 80636.913923
  114.65 961.285694 924070.186286
  114.70 -1608.835740 2588352.438128
  114.75 -2514.621079 6323319.172640
  114.80 -1334.943446 1782074.003702
  114.85 872.454257 761176.430855
  114.90 -2347.220062 5509442.021773
  114.95 284.956232 81200.054360
  115.00 2302.965492 5303650.058563
  115.05 -296.249471 87763.749142
  115.10 -857.506073 735316.664590
  115.15 -393.449430 154802.454294
  115.20 139.088515 19345.614914
  115.25 445.539229 198505.204554
  115.30 -3557.130925 12653180.414252
  115.35 -1239.433595 1536195.636824
  115.40 -733.444513 537940.853899
  115.45 1288.971264 1661446.920389
  115.50 -2089.427448 4365707.061339
  115.55 4034.216587 16274903.470436
  115.60 136.040494 18507.015993
  115.65 223.997849 50175.036310
  115.70 344.000969 118336.666932
  115.75 -3772.729291 14233486.300798
  115.80 -986.499614 973181.488150
  115.85 651.468719 424411.491881
  115.90 3533.161737 12483231.856286
  115.95 -1650.788728 2725103.423264
  116.00 -208.887591 43634.025790
  116.05 69.175473 4785.246042
  116.10 -1253.209079 1570532.996607
  116.15 -1823.081224 3323625.149995
  116.20 -1522.140461 2316911.582721
  116.25 -2247.999762 5053502.928740
  116.30 -2486.016349 6180277.289547
  116.35 -685.654266 470121.772303
  116.40 -306.475023 93926.940028
  116.45 -1109.873214 1231818.551166
  116.50 778.439322 605967.777360
  116.55 309.520536 95802.962247
  116.60 -544.958757 296980.047228
  116.65 -1217.643341 1482655.306843
  116.70 -1046.142565 1094414.266103
  116.75 -1766.427354 3120265.597746
  116.80 -2871.794016 8247200.871994
  116.85 -1315.981560 1731807.466594
  116.90 348.738680 121618.666714
  116.95 1364.418305 1861637.309968
  117.00 -97.386533 9484.136806
  117.05 -112.867323 12739.032678
  117.10 -1037.246673 1075880.660324
  117.15 2006.526814 4026149.856198
  117.20 1379.583610 1903250.935721
  117.25 -612.184510 374769.874116
  117.30 -1587.301663 2519526.570551
  117.35 443.272500 196490.509696
  117.40 118.337190 14003.690599
  117.45 -1080.942416 1168436.507665
  117.50 -2303.301320 5305196.971844
  117.55 -1868.567614 3491544.927101
  117.60 -1296.739039 1681532.135262
  117.65 1846.426841 3409292.078425
  117.70 -1631.948457 2663255.766729
  117.75 110.324987 12171.602669
  117.80 -1923.503204 3699864.576169
  117.85 671.900093 451449.734472
  117.90 1872.583855 3506570.295427
  117.95 -1164.745352 1356631.734168
  118.00 1252.243422 1568113.588752
  118.05 -3524.759199 12423927.409054
  118.10 2078.587066 4320524.191332
  118.15 286.635553 82159.940242
  118.20 1705.127383 2907459.392741
  118.25 -2360.372310 5571357.441920
  118.30 -583.402576 340358.565167
  118.35 -602.576318 363098.219610
  118.40 -236.413979 55891.569471
  118.45 -1718.510320 2953277.719440
  118.50 -337.624323 113990.183449
  118.55 2977.103430 8863144.832831
  118.60 2079.104254 4322674.499433
  118.65 -1923.475892 3699759.507577
  118.70 -223.007831 49732.492835
  118.75 934.520767 873329.063541
  118.80 -1323.027073 1750400.635063
  118.85 -1835.653019 3369622.005865
  118.90 -164.738366 27138.729338
  118.95 322.799764 104199.687446
  119.00 683.655149 467384.363328
  119.05 -2224.565858 4948693.258102
  119.10 -1515.888632 2297918.344907
  119.15 1375.140689 1891011.913753
  119.20 313.637440 98368.443839
  119.25 1594.156589 2541335.230825
  119.30 3179.152652 10107011.584291
  119.35 31.908881 1018.176667
  119.40 53.500852 2862.341218
  119.45 -2215.867240 4910067.625141
  119.50 -1658.487754 2750581.628910
  119.55 89.371762 7987.311792
  119.60 3365.995464 11329925.466998
  119.65 -1085.367917 1178023.516012
  119.70 287.096882 82424.619433
  119.75 2643.685231 6989071.602298
  119.80 -1117.570834 1248964.568530
  119.85 -610.324091 372495.495764
  119.90 -399.482082 159585.934193
  119.95 -2426.395967 5887397.389673
  120.00 -3539.176671 12525771.506275
  120.05 992.554974 985165.376461
  120.10 -604.486184 365403.547100
  120.15 1092.000012 1192464.026863
  120.20 -1592.460181 2535929.426684
  120.25 -656.848829 431450.383813
  120.30 -135.513757 18363.978328
  120.35 -1206.451399 1455524.978286
  120.40 -2360.738812 5573087.738473
  120.45 -3134.522083 9825228.688125
  120.50 729.077221 531553.594290
  120.55 -1707.950769 2917095.828816
  120.60 2057.120316 4231743.994354
  120.65 3130.041717 9797161.152952
  120.70 -1820.512333 3314265.154428
  120.75 -163.134633 26612.908600
  120.80 456.037034 207969.776760
  120.85 1894.446303 3588926.794675
  120.90 1412.944758 1996412.890075
  120.95 628.262613 394713.910858
  121.00 -3692.647172 13635643.135808
  121.05 -1653.493203 2734039.771296
  121.10 784.471724 615395.886306
  121.15 -3250.280186 10564321.287542
  121.20 -2256.159861 5090257.319523
  121.25 -1285.955536 1653681.640636
  121.30 -1277.289686 1631468.942596
  121.35 3086.425089 9526019.831333
  121.40 -2104.868640 4430471.991903
  121.45 3214.688933 10334224.933777
  121.50 -723.233016 523065.995317
  121.55 327.334805 107148.074610
  121.60 -1358.796702 1846328.476369
  121.65 -1518.469652 2305750.083907
  121.70 1214.385538 1474732.236009
  121.75 613.409064 376270.679386
  121.80 -2054.013340 4218970.802016
  121.85 -2942.331040 8657311.946138
  121.90 1076.208852 1158225.492148
  121.95 663.586950 440347.640789
  122.00 -835.154662 697483.310105
  122.05 1273.249442 1621164.142358
  122.10 1718.917357 2954676.881066
  122.15 229.971994 52887.118024
  122.20 -51.984758 2702.415063
  122.25 -743.301120 552496.554913
  122.30 -2168.273876 4701411.602767
  122.35 -400.370840 160296.809313
  122.40 -3983.094668 15865043.133804
  122.45 330.181542 109019.850599
  122.50 1225.626352 1502159.954181
  122.55 757.982447 574537.390426
  122.60 -1517.482912 2302754.388551
  122.65 594.803121 353790.752728
  122.70 1598.703486 2555852.835634
  122.75 158.831710 25227.512061
  122.80 1543.774054 2383238.331231
  122.85 -601.394820 361675.730035
  122.90 -1828.630347 3343888.946656
  122.95 282.026798 79539.115027
  123.00 367.884965 135339.347555
  123.05 798.123039 637000.385856
  123.10 1018.484507 1037310.691312
  123.15 -2971.591143 8830353.922123
  123.20 -1012.167093 1024482.224109
  123.25 29.545803 872.954459
  123.30 56.454068 3187.061850
  123.35 -1242.846661 1544667.822425
  123.40 2017.691764 4071080.052632
  123.45 -1486.899222 2210869.297542
  123.50 2489.084144 6195539.875584
  123.55 -1935.402994 3745784.750336
  123.60 43.737977 1913.010594
  123.65 689.578911 475519.074610
  123.70 196.088931 38450.868704
  123.75 -1265.464966 1601401.580440
  123.80 -285.818235 81692.063605
  123.85 -1188.316858 1412096.953903
  123.90 -1289.433781 1662639.474756
  123.95 -2721.004407 7403864.980864
  124.00 382.918177 146626.330129
  124.05 -1788.181471 3197592.974960
  124.10 2075.963725 4309625.386388
  124.15 -4567.834468 20865111.725990
  124.20 -2275.050529 5175854.908289
  124.25 -4265.707983 18196264.596605
  124.30 215.308998 46357.964717
  124.35 475.108917 225728.483289
  124.40 556.030758 309170.203969
  124.45 -1865.093297 3478573.007766
  124.50 412.366077 170045.781691
  124.55 -1930.476196 3726738.341947
  124.60 1527.594163 2333543.926184
  124.65 -753.837594 568271.117437
  124.70 1639.586262 2688243.109458
  124.75 -197.930714 39176.567497
  124.80 -1607.891620 2585315.460169
  124.85 -1411.546388 1992463.206316
  124.90 -2446.966569 5987645.389511
  124.95 -1143.000710 1306450.623921
